# eta = 0.5, tau = 0, delta = 0.1
# N = 256, D = 100, M = 121
# q_min = 3.8147e-07, q_max = 40
# h_initial = 1e-09, v_therm = 2.5	D0 = 0.00625
# Prefactor m(q->0) c = 0.000253578
#t	m[q->0]
1.28e-07	120.173
1.44e-07	120.173
1.6e-07	120.173
1.76e-07	120.173
1.92e-07	120.173
2.08e-07	120.173
2.24e-07	120.173
2.4e-07	120.173
2.56e-07	120.173
2.88e-07	120.173
3.2e-07	120.173
3.52e-07	120.173
3.84e-07	120.173
4.16e-07	120.173
4.48e-07	120.173
4.8e-07	120.173
5.12e-07	120.173
5.76e-07	120.173
6.4e-07	120.173
7.04e-07	120.173
7.68e-07	120.173
8.32e-07	120.173
8.96e-07	120.173
9.6e-07	120.173
1.024e-06	120.173
1.152e-06	120.173
1.28e-06	120.173
1.408e-06	120.173
1.536e-06	120.173
1.664e-06	120.173
1.792e-06	120.172
1.92e-06	120.172
2.048e-06	120.172
2.304e-06	120.172
2.56e-06	120.172
2.816e-06	120.172
3.072e-06	120.172
3.328e-06	120.172
3.584e-06	120.172
3.84e-06	120.171
4.096e-06	120.171
4.608e-06	120.171
5.12e-06	120.171
5.632e-06	120.171
6.144e-06	120.17
6.656e-06	120.17
7.168e-06	120.17
7.68e-06	120.17
8.192e-06	120.169
9.216e-06	120.169
1.024e-05	120.168
1.1264e-05	120.168
1.2288e-05	120.167
1.3312e-05	120.167
1.4336e-05	120.166
1.536e-05	120.166
1.6384e-05	120.165
1.8432e-05	120.164
2.048e-05	120.163
2.2528e-05	120.162
2.4576e-05	120.161
2.6624e-05	120.16
2.8672e-05	120.159
3.072e-05	120.158
3.2768e-05	120.157
3.6864e-05	120.156
4.096e-05	120.154
4.5056e-05	120.152
4.9152e-05	120.15
5.3248e-05	120.148
5.7344e-05	120.146
6.144e-05	120.144
6.5536e-05	120.142
7.3728e-05	120.138
8.192e-05	120.134
9.0112e-05	120.13
9.8304e-05	120.126
0.000106496	120.122
0.000114688	120.118
0.00012288	120.114
0.000131072	120.11
0.000147456	120.102
0.00016384	120.094
0.000180224	120.086
0.000196608	120.078
0.000212992	120.071
0.000229376	120.063
0.00024576	120.055
0.000262144	120.047
0.000294912	120.031
0.00032768	120.015
0.000360448	120
0.000393216	119.984
0.000425984	119.968
0.000458752	119.952
0.00049152	119.937
0.000524288	119.921
0.000589824	119.889
0.00065536	119.858
0.000720896	119.827
0.000786432	119.795
0.000851968	119.764
0.000917504	119.733
0.00098304	119.702
0.00104858	119.67
0.00117965	119.608
0.00131072	119.546
0.00144179	119.484
0.00157286	119.422
0.00170394	119.36
0.00183501	119.299
0.00196608	119.237
0.00209715	119.176
0.0023593	119.053
0.00262144	118.932
0.00288358	118.81
0.00314573	118.689
0.00340787	118.569
0.00367002	118.449
0.00393216	118.33
0.0041943	118.211
0.00471859	117.974
0.00524288	117.74
0.00576717	117.507
0.00629146	117.277
0.00681574	117.048
0.00734003	116.821
0.00786432	116.596
0.00838861	116.372
0.00943718	115.931
0.0104858	115.496
0.0115343	115.068
0.0125829	114.647
0.0136315	114.232
0.0146801	113.824
0.0157286	113.422
0.0167772	113.026
0.0188744	112.252
0.0209715	111.501
0.0230687	110.771
0.0251658	110.063
0.027263	109.375
0.0293601	108.707
0.0314573	108.057
0.0335544	107.425
0.0377487	106.213
0.041943	105.064
0.0461373	103.974
0.0503316	102.939
0.054526	101.955
0.0587203	101.018
0.0629146	100.125
0.0671089	99.2727
0.0754975	97.6806
0.0838861	96.222
0.0922747	94.8804
0.100663	93.6418
0.109052	92.4944
0.117441	91.4279
0.125829	90.4333
0.134218	89.5033
0.150995	87.8111
0.167772	86.3081
0.184549	84.961
0.201327	83.7438
0.218104	82.6362
0.234881	81.622
0.251658	80.6878
0.268435	79.8232
0.30199	78.2687
0.335544	76.9043
0.369099	75.691
0.402653	74.6006
0.436208	73.6117
0.469762	72.7081
0.503316	71.8768
0.536871	71.1079
0.60398	69.7261
0.671089	68.5127
0.738198	67.4328
0.805306	66.4611
0.872415	65.579
0.939524	64.772
1.00663	64.029
1.07374	63.3412
1.20796	62.1041
1.34218	61.0165
1.4764	60.0475
1.61061	59.1748
1.74483	58.3818
1.87905	57.6559
2.01327	56.9872
2.14748	56.3676
2.41592	55.2532
2.68435	54.2724
2.95279	53.3975
3.22123	52.6088
3.48966	51.8914
3.7581	51.2339
4.02653	50.6277
4.29497	50.0654
4.83184	49.0534
5.36871	48.1606
5.90558	47.3625
6.44245	46.6414
6.97932	45.9841
7.51619	45.3806
8.05306	44.8229
8.58993	44.3047
9.66368	43.3702
10.7374	42.5423
11.8112	41.7992
12.8849	41.1254
13.9586	40.5091
15.0324	39.9413
16.1061	39.4148
17.1799	38.9242
19.3274	38.0363
21.4748	37.2446
23.6223	36.5301
25.7698	35.8786
27.9173	35.2798
30.0648	34.7255
32.2123	34.2092
34.3597	33.7261
38.6547	32.8477
42.9497	32.0579
47.2446	31.34
51.5396	30.6814
55.8346	30.0724
60.1295	29.5056
64.4245	28.9751
68.7195	28.4766
77.3094	27.5652
85.8993	26.739
94.4893	25.9831
103.079	25.2859
111.669	24.6381
120.259	24.0328
128.849	23.4643
137.439	22.9287
154.619	21.9465
171.799	21.0527
188.979	20.2336
206.158	19.4777
223.338	18.7757
240.518	18.1206
257.698	17.5067
274.878	16.9299
309.238	15.8766
343.597	14.9259
377.957	14.0629
412.317	13.275
446.677	12.5517
481.036	11.8849
515.396	11.2679
549.756	10.6958
618.475	9.67005
687.195	8.77018
755.914	7.97656
824.634	7.27257
893.353	6.64495
962.073	6.083
1030.79	5.57797
1099.51	5.12307
1236.95	4.34029
1374.39	3.69286
1511.83	3.15386
1649.27	2.70227
1786.71	2.32183
1924.15	1.99983
2061.58	1.72619
2199.02	1.49297
2473.9	1.12259
2748.78	0.848542
3023.66	0.644228
3298.53	0.4909
3573.41	0.375212
3848.29	0.287529
4123.17	0.220821
4398.05	0.169928
4947.8	0.101115
5497.56	0.0604556
6047.31	0.0362801
6597.07	0.0218347
7146.83	0.0131705
7696.58	0.00795832
8246.34	0.00481554
8796.09	0.00291768
9895.6	0.00107403
10995.1	0.000396187
12094.6	0.00014636
13194.1	5.41231e-05
14293.7	2.00302e-05
15393.2	7.419e-06
16492.7	2.7514e-06
17592.2	1.02375e-06
19791.2	1.45453e-07
21990.2	2.35521e-08
24189.3	5.98209e-09
26388.3	2.94496e-09
28587.3	2.04827e-09
30786.3	1.55518e-09
32985.3	1.20184e-09
35184.4	9.32706e-10
39582.4	5.65088e-10
43980.5	3.45439e-10
48378.5	2.13877e-10
52776.6	1.34829e-10
57174.6	8.71173e-11
61572.7	5.81286e-11
65970.7	4.03487e-11
70368.7	2.92978e-11
79164.8	1.77677e-11
87960.9	1.2636e-11
96757	9.97969e-12
105553	8.36267e-12
114349	7.24032e-12
123145	6.39196e-12
131941	5.7181e-12
140737	5.16699e-12
158330	4.3192e-12
175922	3.69903e-12
193514	3.22552e-12
211106	2.85061e-12
228698	2.54472e-12
246291	2.28917e-12
263883	2.07182e-12
281475	1.88448e-12
316659	1.57848e-12
351844	1.34096e-12
387028	1.15367e-12
422212	1.00426e-12
457397	8.83894e-13
492581	7.85967e-13
527766	7.05497e-13
562950	6.38683e-13
633319	5.35039e-13
703687	4.58894e-13
774056	4.00609e-13
844425	3.54351e-13
914794	3.16525e-13
985162	2.84864e-13
1.05553e+06	2.57894e-13
1.1259e+06	2.34622e-13
1.26664e+06	1.96571e-13
1.40737e+06	1.67016e-13
1.54811e+06	1.43705e-13
1.68885e+06	1.25112e-13
1.82959e+06	1.10134e-13
1.97032e+06	9.79502e-14
2.11106e+06	8.79393e-14
2.2518e+06	7.96274e-14
2.53327e+06	6.67322e-14
2.81475e+06	5.7255e-14
3.09622e+06	4.99969e-14
3.3777e+06	4.42331e-14
3.65917e+06	3.95173e-14
3.94065e+06	3.55683e-14
4.22212e+06	3.22032e-14
4.5036e+06	2.92987e-14
5.06655e+06	2.45484e-14
5.6295e+06	2.08581e-14
6.19245e+06	1.79474e-14
6.7554e+06	1.56258e-14
7.31835e+06	1.37557e-14
7.8813e+06	1.22346e-14
8.44425e+06	1.09847e-14
9.0072e+06	9.94694e-15
1.01331e+07	8.33692e-15
1.1259e+07	7.15355e-15
1.23849e+07	6.24715e-15
1.35108e+07	5.52724e-15
1.46367e+07	4.93816e-15
1.57626e+07	4.44481e-15
1.68885e+07	4.02436e-15
1.80144e+07	3.66144e-15
2.02662e+07	3.06784e-15
2.2518e+07	2.60668e-15
2.47698e+07	2.24294e-15
2.70216e+07	1.95282e-15
2.92734e+07	1.71912e-15
3.15252e+07	1.52903e-15
3.3777e+07	1.37285e-15
3.60288e+07	1.24317e-15
4.05324e+07	1.04197e-15
4.5036e+07	8.9409e-16
4.95396e+07	7.80817e-16
5.40432e+07	6.90846e-16
5.85468e+07	6.17223e-16
6.30504e+07	5.55562e-16
6.7554e+07	5.03012e-16
7.20576e+07	4.57651e-16
8.10648e+07	3.83457e-16
9.0072e+07	3.25816e-16
9.90792e+07	2.80352e-16
1.08086e+08	2.4409e-16
1.17094e+08	2.1488e-16
1.26101e+08	1.9112e-16
1.35108e+08	1.71598e-16
1.44115e+08	1.55389e-16
1.6213e+08	1.30242e-16
1.80144e+08	1.11758e-16
1.98158e+08	9.75997e-17
2.16173e+08	8.63539e-17
2.34187e+08	7.71515e-17
2.52202e+08	6.94441e-17
2.70216e+08	6.28755e-17
2.8823e+08	5.72055e-17
3.24259e+08	4.79314e-17
3.60288e+08	4.07265e-17
3.96317e+08	3.50435e-17
4.32346e+08	3.05108e-17
4.68374e+08	2.68596e-17
5.04403e+08	2.38897e-17
5.40432e+08	2.14495e-17
5.76461e+08	1.94235e-17
6.48518e+08	1.62801e-17
7.20576e+08	1.39697e-17
7.92634e+08	1.21999e-17
8.64691e+08	1.07942e-17
9.36749e+08	9.64389e-18
1.00881e+09	8.68048e-18
1.08086e+09	7.85941e-18
1.15292e+09	7.15066e-18
1.29704e+09	5.99141e-18
1.44115e+09	5.09079e-18
1.58527e+09	4.38043e-18
1.72938e+09	3.81384e-18
1.8735e+09	3.35744e-18
2.01761e+09	2.98621e-18
2.16173e+09	2.68119e-18
2.30584e+09	2.42793e-18
2.59407e+09	2.03501e-18
2.8823e+09	1.74621e-18
3.17053e+09	1.52499e-18
3.45876e+09	1.34927e-18
3.74699e+09	1.20549e-18
4.03523e+09	1.08506e-18
4.32346e+09	9.82428e-19
4.61169e+09	8.93835e-19
5.18815e+09	7.48928e-19
5.76461e+09	6.36351e-19
6.34107e+09	5.47556e-19
6.91753e+09	4.76732e-19
7.49399e+09	4.19683e-19
8.07045e+09	3.73279e-19
8.64691e+09	3.35151e-19
9.22337e+09	3.03494e-19
1.03763e+10	2.54379e-19
1.15292e+10	2.18279e-19
1.26821e+10	1.90626e-19
1.38351e+10	1.68662e-19
1.4988e+10	1.50689e-19
1.61409e+10	1.35635e-19
1.72938e+10	1.22806e-19
1.84467e+10	1.11732e-19
2.07526e+10	9.36188e-20
2.30584e+10	7.95467e-20
2.53643e+10	6.84473e-20
2.76701e+10	5.95943e-20
2.9976e+10	5.24632e-20
3.22818e+10	4.66626e-20
3.45876e+10	4.18967e-20
3.68935e+10	3.79395e-20
4.15052e+10	3.18002e-20
4.61169e+10	2.72876e-20
5.07285e+10	2.3831e-20
5.53402e+10	2.10855e-20
5.99519e+10	1.88389e-20
6.45636e+10	1.69572e-20
6.91753e+10	1.53536e-20
7.3787e+10	1.39693e-20
8.30103e+10	1.17051e-20
9.22337e+10	9.94609e-21
1.01457e+11	8.55866e-21
1.1068e+11	7.45204e-21
1.19904e+11	6.56064e-21
1.29127e+11	5.83556e-21
1.38351e+11	5.23981e-21
1.47574e+11	4.74516e-21
1.66021e+11	3.97774e-21
1.84467e+11	3.41365e-21
2.02914e+11	2.98157e-21
2.21361e+11	2.63838e-21
2.39808e+11	2.35753e-21
2.58254e+11	2.12231e-21
2.76701e+11	1.92185e-21
2.95148e+11	1.7488e-21
3.32041e+11	1.46576e-21
3.68935e+11	1.24587e-21
4.05828e+11	1.07242e-21
4.42722e+11	9.34068e-22
4.79615e+11	8.22624e-22
5.16509e+11	7.3197e-22
5.53402e+11	6.57481e-22
5.90296e+11	5.95631e-22
6.64083e+11	4.99664e-22
7.3787e+11	4.29115e-22
8.11657e+11	3.75067e-22
8.85444e+11	3.3213e-22
9.59231e+11	2.96987e-22
1.03302e+12	2.67548e-22
1.1068e+12	2.42453e-22
1.18059e+12	2.20787e-22
1.32817e+12	1.85335e-22
1.47574e+12	1.57778e-22
1.62331e+12	1.36028e-22
1.77089e+12	1.18668e-22
1.91846e+12	1.04671e-22
2.06604e+12	9.32746e-23
2.21361e+12	8.39e-23
2.36118e+12	7.61064e-23
2.65633e+12	6.39895e-23
2.95148e+12	5.50545e-23
3.24663e+12	4.81865e-23
3.54177e+12	4.27117e-23
3.83692e+12	3.82153e-23
4.13207e+12	3.44359e-23
4.42722e+12	3.12035e-23
4.72237e+12	2.84032e-23
5.31266e+12	2.37987e-23
5.90296e+12	2.01943e-23
6.49325e+12	1.73285e-23
7.08355e+12	1.50229e-23
7.67385e+12	1.31486e-23
8.26414e+12	1.16095e-23
8.85444e+12	1.03326e-23
9.44473e+12	9.26205e-24
1.06253e+13	7.57859e-24
1.18059e+13	6.32114e-24
1.29865e+13	5.34649e-24
1.41671e+13	4.56708e-24
1.53477e+13	3.92818e-24
1.65283e+13	3.39456e-24
1.77089e+13	2.94279e-24
1.88895e+13	2.55662e-24
2.12506e+13	1.93705e-24
2.36118e+13	1.47155e-24
2.5973e+13	1.11923e-24
2.83342e+13	8.51716e-25
3.06954e+13	6.48289e-25
3.30566e+13	4.935e-25
3.54177e+13	3.75686e-25
3.77789e+13	2.86003e-25
4.25013e+13	1.65751e-25
4.72237e+13	9.60604e-26
5.1946e+13	5.56716e-26
5.66684e+13	3.22643e-26
6.13908e+13	1.86987e-26
6.61131e+13	1.08368e-26
7.08355e+13	6.28044e-27
7.55579e+13	3.63977e-27
8.50026e+13	1.22211e-27
9.44473e+13	4.10344e-28
1.03892e+14	1.37779e-28
1.13337e+14	4.62616e-29
1.22782e+14	1.55331e-29
1.32226e+14	5.21547e-30
1.41671e+14	1.75117e-30
1.51116e+14	5.87921e-31
1.70005e+14	6.61045e-32
1.88895e+14	7.43236e-33
2.07784e+14	8.35647e-34
2.26674e+14	9.39548e-35
2.45563e+14	1.05637e-35
2.64453e+14	1.18771e-36
2.83342e+14	1.33539e-37
3.02231e+14	1.50011e-38
3.4001e+14	1.85302e-40
3.77789e+14	2.28805e-42
4.15568e+14	2.8252e-44
4.53347e+14	3.48847e-46
4.91126e+14	4.30744e-48
5.28905e+14	5.31869e-50
5.66684e+14	6.56734e-52
6.04463e+14	8.04874e-54
6.80021e+14	9.76179e-58
7.55579e+14	1.17554e-61
8.31137e+14	1.41562e-65
9.06694e+14	1.70472e-69
9.82252e+14	2.05287e-73
1.05781e+15	2.47212e-77
1.13337e+15	2.97699e-81
1.20893e+15	3.32757e-85
1.36004e+15	6.16155e-96
1.51116e+15	2.24041e-105
1.66227e+15	1.66e-114
1.81339e+15	2.68899e-124
1.9645e+15	9.45277e-135
2.11562e+15	7.17419e-145
2.26674e+15	1.00092e-153
2.41785e+15	6.28094e-164
2.72008e+15	4.29682e-174
3.02231e+15	1.2227e-189
3.32455e+15	5.90785e-197
3.62678e+15	1.01125e-209
3.92901e+15	7.33092e-220
4.23124e+15	5.48789e-232
4.53347e+15	8.12048e-243
4.8357e+15	2.85089e-253
5.44017e+15	8.59047e-269
6.04463e+15	7.73708e-281
6.64909e+15	2.08118e-294
7.25355e+15	1.93862e-308
7.85802e+15	2.96439e-323
8.46248e+15	0
9.06694e+15	0
9.67141e+15	0
1.08803e+16	0
1.20893e+16	0
1.32982e+16	0
1.45071e+16	0
1.5716e+16	0
1.6925e+16	0
1.81339e+16	0
1.93428e+16	0
2.17607e+16	0
2.41785e+16	0
2.65964e+16	0
2.90142e+16	0
3.14321e+16	0
3.38499e+16	0
3.62678e+16	0
3.86856e+16	0
4.35213e+16	0
4.8357e+16	0
5.31927e+16	0
5.80284e+16	0
6.28641e+16	0
6.76998e+16	0
7.25355e+16	0
7.73713e+16	0
8.70427e+16	0
9.67141e+16	0
1.06385e+17	0
1.16057e+17	0
1.25728e+17	0
1.354e+17	0
1.45071e+17	0
1.54743e+17	0
1.74085e+17	0
1.93428e+17	0
2.12771e+17	0
2.32114e+17	0
2.51457e+17	0
2.70799e+17	0
2.90142e+17	0
3.09485e+17	0
3.48171e+17	0
3.86856e+17	0
4.25542e+17	0
4.64228e+17	0
5.02913e+17	0
5.41599e+17	0
5.80284e+17	0
6.1897e+17	0
6.96341e+17	0
7.73713e+17	0
8.51084e+17	0
9.28455e+17	0
1.00583e+18	0
1.0832e+18	0
1.16057e+18	0
1.23794e+18	0
1.39268e+18	0
1.54743e+18	0
1.70217e+18	0
1.85691e+18	0
2.01165e+18	0
2.1664e+18	0
2.32114e+18	0
2.47588e+18	0
2.78537e+18	0
3.09485e+18	0
3.40434e+18	0
3.71382e+18	0
4.02331e+18	0
4.33279e+18	0
4.64228e+18	0
4.95176e+18	0
5.57073e+18	0
6.1897e+18	0
6.80867e+18	0
7.42764e+18	0
8.04661e+18	0
8.66558e+18	0
9.28455e+18	0
9.90352e+18	0
1.11415e+19	0
1.23794e+19	0
1.36173e+19	0
1.48553e+19	0
1.60932e+19	0
1.73312e+19	0
1.85691e+19	0
1.9807e+19	0
2.22829e+19	0
2.47588e+19	0
2.72347e+19	0
2.97106e+19	0
3.21864e+19	0
3.46623e+19	0
3.71382e+19	0
3.96141e+19	0
4.45658e+19	0
4.95176e+19	0
5.44694e+19	0
5.94211e+19	0
6.43729e+19	0
6.93246e+19	0
7.42764e+19	0
7.92282e+19	0
8.91317e+19	0
9.90352e+19	0
1.08939e+20	0
1.18842e+20	0
1.28746e+20	0
1.38649e+20	0
1.48553e+20	0
1.58456e+20	0
1.78263e+20	0
1.9807e+20	0
2.17877e+20	0
2.37684e+20	0
2.57492e+20	0
2.77299e+20	0
2.97106e+20	0
3.16913e+20	0
3.56527e+20	0
3.96141e+20	0
4.35755e+20	0
4.75369e+20	0
5.14983e+20	0
5.54597e+20	0
5.94211e+20	0
6.33825e+20	0
7.13053e+20	0
7.92282e+20	0
8.7151e+20	0
9.50738e+20	0
1.02997e+21	0
1.10919e+21	0
1.18842e+21	0
1.26765e+21	0
1.42611e+21	0
1.58456e+21	0
1.74302e+21	0
1.90148e+21	0
2.05993e+21	0
2.21839e+21	0
2.37684e+21	0
2.5353e+21	0
2.85221e+21	0
3.16913e+21	0
3.48604e+21	0
3.80295e+21	0
4.11986e+21	0
4.43678e+21	0
4.75369e+21	0
5.0706e+21	0
5.70443e+21	0
6.33825e+21	0
6.97208e+21	0
7.6059e+21	0
8.23973e+21	0
8.87355e+21	0
9.50738e+21	0
1.01412e+22	0
1.14089e+22	0
1.26765e+22	0
1.39442e+22	0
1.52118e+22	0
1.64795e+22	0
1.77471e+22	0
1.90148e+22	0
2.02824e+22	0
2.28177e+22	0
2.5353e+22	0
2.78883e+22	0
3.04236e+22	0
3.29589e+22	0
3.54942e+22	0
3.80295e+22	0
4.05648e+22	0
4.56354e+22	0
5.0706e+22	0
5.57766e+22	0
6.08472e+22	0
6.59178e+22	0
7.09884e+22	0
7.6059e+22	0
8.11296e+22	0
9.12708e+22	0
1.01412e+23	0
1.11553e+23	0
1.21694e+23	0
1.31836e+23	0
1.41977e+23	0
1.52118e+23	0
