# eta = 0.5, tau = 0, delta = 0.1
# N = 256
# h_initial = 1e-09, D0 = 0.00625
#t	MSD	MSD'	D	mMSD	VACF
1.28e-07	4.8e-09	0.0375	0.00625	1256.47	-8.5728
1.44e-07	5.4e-09	0.0375	0.00624999	1256.47	-0.294486
1.6e-07	6e-09	0.0375	0.00624999	1256.47	-0.294485
1.76e-07	6.6e-09	0.0374999	0.00624999	1256.47	-0.294485
1.92e-07	7.2e-09	0.0374999	0.00624999	1256.47	-0.294485
2.08e-07	7.8e-09	0.0374999	0.00624999	1256.47	-0.294486
2.24e-07	8.4e-09	0.0374999	0.00624999	1256.47	-0.294485
2.4e-07	8.99999e-09	0.0374999	0.00624999	1256.47	-0.294485
2.56e-07	9.59999e-09	0.0374999	0.00624999	1256.47	-0.294485
2.88e-07	1.08e-08	0.0374999	0.00624999	1256.47	-0.294485
3.2e-07	1.2e-08	0.0374999	0.00624998	1256.47	-0.294485
3.52e-07	1.32e-08	0.0374999	0.00624998	1256.47	-0.294484
3.84e-07	1.44e-08	0.0374999	0.00624998	1256.47	-0.294484
4.16e-07	1.56e-08	0.0374999	0.00624998	1256.47	-0.294484
4.48e-07	1.68e-08	0.0374999	0.00624998	1256.47	-0.294484
4.8e-07	1.8e-08	0.0374999	0.00624998	1256.47	-0.294484
5.12e-07	1.92e-08	0.0374998	0.00624997	1256.47	-0.294484
5.76e-07	2.16e-08	0.0374998	0.00624997	1256.47	-0.294484
6.4e-07	2.39999e-08	0.0374998	0.00624997	1256.47	-0.294483
7.04e-07	2.63999e-08	0.0374998	0.00624997	1256.47	-0.294483
7.68e-07	2.87999e-08	0.0374998	0.00624996	1256.47	-0.294483
8.32e-07	3.11999e-08	0.0374998	0.00624996	1256.47	-0.294482
8.96e-07	3.35999e-08	0.0374997	0.00624996	1256.47	-0.294482
9.6e-07	3.59999e-08	0.0374997	0.00624995	1256.46	-0.294482
1.024e-06	3.83998e-08	0.0374997	0.00624995	1256.46	-0.294481
1.152e-06	4.31998e-08	0.0374997	0.00624994	1256.46	-0.294481
1.28e-06	4.79998e-08	0.0374996	0.00624994	1256.46	-0.29448
1.408e-06	5.27997e-08	0.0374996	0.00624993	1256.46	-0.29448
1.536e-06	5.75997e-08	0.0374995	0.00624992	1256.46	-0.294479
1.664e-06	6.23996e-08	0.0374995	0.00624992	1256.46	-0.294479
1.792e-06	6.71995e-08	0.0374995	0.00624991	1256.46	-0.294478
1.92e-06	7.19995e-08	0.0374994	0.00624991	1256.46	-0.294478
2.048e-06	7.67994e-08	0.0374994	0.0062499	1256.46	-0.294477
2.304e-06	8.63992e-08	0.0374993	0.00624989	1256.45	-0.294476
2.56e-06	9.5999e-08	0.0374992	0.00624987	1256.45	-0.294475
2.816e-06	1.05599e-07	0.0374992	0.00624986	1256.45	-0.294474
3.072e-06	1.15199e-07	0.0374991	0.00624985	1256.45	-0.294473
3.328e-06	1.24798e-07	0.037499	0.00624984	1256.44	-0.294471
3.584e-06	1.34398e-07	0.0374989	0.00624982	1256.44	-0.294471
3.84e-06	1.43998e-07	0.0374989	0.00624981	1256.44	-0.294469
4.096e-06	1.53598e-07	0.0374988	0.0062498	1256.44	-0.294468
4.608e-06	1.72797e-07	0.0374986	0.00624977	1256.43	-0.294466
5.12e-06	1.91996e-07	0.0374985	0.00624975	1256.43	-0.294464
5.632e-06	2.11195e-07	0.0374983	0.00624972	1256.42	-0.294462
6.144e-06	2.30394e-07	0.0374982	0.0062497	1256.42	-0.294459
6.656e-06	2.49593e-07	0.037498	0.00624967	1256.42	-0.294457
7.168e-06	2.68792e-07	0.0374979	0.00624965	1256.41	-0.294455
7.68e-06	2.87991e-07	0.0374977	0.00624962	1256.41	-0.294453
8.192e-06	3.0719e-07	0.0374976	0.0062496	1256.4	-0.294451
9.216e-06	3.45587e-07	0.0374973	0.00624955	1256.39	-0.294446
1.024e-05	3.83985e-07	0.037497	0.0062495	1256.39	-0.294442
1.1264e-05	4.22381e-07	0.0374967	0.00624945	1256.38	-0.294437
1.2288e-05	4.60778e-07	0.0374964	0.0062494	1256.37	-0.294433
1.3312e-05	4.99174e-07	0.0374961	0.00624935	1256.36	-0.294428
1.4336e-05	5.3757e-07	0.0374958	0.0062493	1256.35	-0.294424
1.536e-05	5.75965e-07	0.0374955	0.00624925	1256.34	-0.29442
1.6384e-05	6.1436e-07	0.0374952	0.0062492	1256.33	-0.294415
1.8432e-05	6.9115e-07	0.0374946	0.0062491	1256.32	-0.294406
2.048e-05	7.67938e-07	0.037494	0.00624899	1256.3	-0.294398
2.2528e-05	8.44725e-07	0.0374934	0.00624889	1256.28	-0.294389
2.4576e-05	9.21511e-07	0.0374928	0.00624879	1256.26	-0.29438
2.6624e-05	9.98296e-07	0.0374922	0.00624869	1256.25	-0.294371
2.8672e-05	1.07508e-06	0.0374916	0.00624859	1256.23	-0.294362
3.072e-05	1.15186e-06	0.037491	0.00624849	1256.21	-0.294353
3.2768e-05	1.22864e-06	0.0374904	0.00624839	1256.19	-0.294344
3.6864e-05	1.3822e-06	0.0374891	0.00624819	1256.16	-0.294327
4.096e-05	1.53575e-06	0.0374879	0.00624799	1256.12	-0.294309
4.5056e-05	1.6893e-06	0.0374867	0.00624779	1256.09	-0.294292
4.9152e-05	1.84284e-06	0.0374855	0.00624759	1256.05	-0.294274
5.3248e-05	1.99638e-06	0.0374843	0.00624739	1256.02	-0.294256
5.7344e-05	2.14992e-06	0.0374831	0.00624719	1255.98	-0.294239
6.144e-05	2.30344e-06	0.0374819	0.00624699	1255.95	-0.294221
6.5536e-05	2.45697e-06	0.0374807	0.00624678	1255.91	-0.294203
7.3728e-05	2.764e-06	0.0374783	0.00624638	1255.84	-0.294168
8.192e-05	3.07101e-06	0.0374759	0.00624598	1255.77	-0.294133
9.0112e-05	3.378e-06	0.0374735	0.00624558	1255.7	-0.294097
9.8304e-05	3.68498e-06	0.0374711	0.00624518	1255.63	-0.294062
0.000106496	3.99193e-06	0.0374687	0.00624478	1255.56	-0.294027
0.000114688	4.29886e-06	0.0374663	0.00624438	1255.49	-0.293992
0.00012288	4.60578e-06	0.0374638	0.00624397	1255.42	-0.293956
0.000131072	4.91267e-06	0.0374614	0.00624357	1255.35	-0.293921
0.000147456	5.5264e-06	0.0374566	0.00624277	1255.21	-0.29385
0.00016384	6.14005e-06	0.0374518	0.00624197	1255.08	-0.29378
0.000180224	6.75362e-06	0.037447	0.00624117	1254.94	-0.29371
0.000196608	7.36711e-06	0.0374422	0.00624036	1254.8	-0.293639
0.000212992	7.98053e-06	0.0374374	0.00623956	1254.66	-0.293569
0.000229376	8.59386e-06	0.0374326	0.00623876	1254.52	-0.293498
0.00024576	9.20712e-06	0.0374278	0.00623796	1254.38	-0.293428
0.000262144	9.82029e-06	0.037423	0.00623716	1254.24	-0.293357
0.000294912	1.10464e-05	0.0374133	0.00623556	1253.96	-0.293217
0.00032768	1.22722e-05	0.0374037	0.00623396	1253.68	-0.293076
0.000360448	1.34977e-05	0.0373941	0.00623236	1253.4	-0.292936
0.000393216	1.47229e-05	0.0373845	0.00623076	1253.12	-0.292796
0.000425984	1.59477e-05	0.0373749	0.00622916	1252.85	-0.292655
0.000458752	1.71723e-05	0.0373654	0.00622756	1252.57	-0.292515
0.00049152	1.83965e-05	0.0373558	0.00622596	1252.29	-0.292375
0.000524288	1.96204e-05	0.0373462	0.00622437	1252.01	-0.292234
0.000589824	2.20673e-05	0.0373271	0.00622118	1251.46	-0.291955
0.00065536	2.4513e-05	0.0373079	0.00621799	1250.9	-0.291676
0.000720896	2.69573e-05	0.0372888	0.0062148	1250.35	-0.291397
0.000786432	2.94005e-05	0.0372697	0.00621162	1249.8	-0.291118
0.000851968	3.18424e-05	0.0372507	0.00620844	1249.25	-0.29084
0.000917504	3.4283e-05	0.0372316	0.00620527	1248.69	-0.290561
0.00098304	3.67224e-05	0.0372126	0.0062021	1248.14	-0.290284
0.00104858	3.91605e-05	0.0371936	0.00619893	1247.59	-0.290005
0.00117965	4.40331e-05	0.0371556	0.0061926	1246.49	-0.289453
0.00131072	4.89006e-05	0.0371177	0.00618628	1245.4	-0.288901
0.00144179	5.37633e-05	0.0370799	0.00617998	1244.3	-0.28835
0.00157286	5.86209e-05	0.0370421	0.00617368	1243.21	-0.2878
0.00170394	6.34736e-05	0.0370044	0.0061674	1242.12	-0.287252
0.00183501	6.83214e-05	0.0369668	0.00616113	1241.03	-0.286705
0.00196608	7.31643e-05	0.0369293	0.00615488	1239.95	-0.28616
0.00209715	7.80022e-05	0.0368918	0.00614863	1238.86	-0.285612
0.0023593	8.76633e-05	0.0368171	0.00613618	1236.7	-0.284532
0.00262144	9.73049e-05	0.0367426	0.00612377	1234.56	-0.283454
0.00288358	0.000106927	0.0366684	0.00611141	1232.42	-0.282381
0.00314573	0.00011653	0.0365946	0.00609909	1230.28	-0.281313
0.00340787	0.000126113	0.036521	0.00608683	1228.16	-0.28025
0.00367002	0.000135677	0.0364476	0.0060746	1226.05	-0.279193
0.00393216	0.000145222	0.0363746	0.00606243	1223.95	-0.278141
0.0041943	0.000154748	0.0363018	0.0060503	1221.85	-0.277087
0.00471859	0.000173743	0.0361571	0.00602618	1217.69	-0.275016
0.00524288	0.000192662	0.0360134	0.00600224	1213.56	-0.272959
0.00576717	0.000211506	0.0358708	0.00597847	1209.47	-0.270922
0.00629146	0.000230275	0.0357293	0.00595489	1205.41	-0.268905
0.00681574	0.000248971	0.0355889	0.00593148	1201.39	-0.266907
0.00734003	0.000267593	0.0354495	0.00590824	1197.4	-0.26493
0.00786432	0.000286142	0.0353111	0.00588518	1193.44	-0.262971
0.00838861	0.00030462	0.0351737	0.00586229	1189.52	-0.261019
0.00943718	0.000341359	0.034902	0.005817	1181.77	-0.25721
0.0104858	0.000377816	0.0346343	0.00577238	1174.14	-0.253462
0.0115343	0.000413994	0.0343704	0.00572841	1166.65	-0.249786
0.0125829	0.000449897	0.0341104	0.00568507	1159.27	-0.246181
0.0136315	0.00048553	0.0338541	0.00564236	1152.02	-0.242645
0.0146801	0.000520896	0.0336015	0.00560025	1144.88	-0.239176
0.0157286	0.000555999	0.0333525	0.00555875	1137.86	-0.235774
0.0167772	0.000590842	0.0331071	0.00551784	1130.95	-0.232413
0.0188744	0.000659766	0.0326265	0.00543774	1117.45	-0.225947
0.0209715	0.000727697	0.0321592	0.00535987	1104.38	-0.2197
0.0230687	0.000794661	0.0317048	0.00528414	1091.71	-0.213683
0.0251658	0.000860685	0.0312628	0.00521047	1079.43	-0.207887
0.027263	0.000925795	0.0308327	0.00513879	1067.52	-0.202302
0.0293601	0.000990015	0.0304141	0.00506902	1055.97	-0.196919
0.0314573	0.00105337	0.0300067	0.00500111	1044.76	-0.191729
0.0335544	0.00111588	0.0296099	0.00493498	1033.88	-0.186693
0.0377487	0.00123846	0.0288469	0.00480781	1013.06	-0.17724
0.041943	0.00135792	0.0281222	0.00468703	993.402	-0.168406
0.0461373	0.00147441	0.0274333	0.00457222	974.827	-0.16017
0.0503316	0.00158809	0.0267778	0.00446297	957.252	-0.152485
0.054526	0.00169909	0.0261535	0.00435891	940.604	-0.145305
0.0587203	0.00180752	0.0255583	0.00425971	924.817	-0.138592
0.0629146	0.00191352	0.0249903	0.00416505	909.829	-0.132309
0.0671089	0.00201719	0.0244479	0.00407465	895.585	-0.126389
0.0754975	0.00221796	0.0234332	0.00390554	869.128	-0.115724
0.0838861	0.00241057	0.0225029	0.00375048	845.085	-0.106281
0.0922747	0.0025957	0.0216471	0.00360785	823.152	-0.0979168
0.100663	0.00277393	0.0208575	0.00347625	803.069	-0.0904824
0.109052	0.0029458	0.0201268	0.00335447	784.615	-0.0838518
0.117441	0.00311175	0.0194488	0.00324146	767.602	-0.0779185
0.125829	0.00327222	0.0188179	0.00313631	751.868	-0.0725918
0.134218	0.00342758	0.0182296	0.00303826	737.274	-0.0677724
0.150995	0.00372429	0.0171637	0.00286061	711.035	-0.0595392
0.167772	0.0040042	0.0162237	0.00270395	688.095	-0.0527245
0.184549	0.00426925	0.0153882	0.0025647	667.848	-0.0470406
0.201327	0.00452103	0.0146403	0.00244005	649.827	-0.0422525
0.218104	0.0047609	0.0139664	0.00232774	633.664	-0.0381816
0.234881	0.00499002	0.0133559	0.00222598	619.067	-0.034691
0.251658	0.00520936	0.0127998	0.00213329	605.803	-0.0316745
0.268435	0.00541977	0.012291	0.0020485	593.683	-0.0290409
0.30199	0.00581669	0.0113919	0.00189865	572.285	-0.0247219
0.335544	0.0061857	0.0106216	0.00177027	553.93	-0.0213226
0.369099	0.00653063	0.00995343	0.00165891	537.95	-0.0185992
0.402653	0.00685458	0.00936779	0.0015613	523.867	-0.0163799
0.436208	0.00716005	0.0088499	0.00147498	511.326	-0.0145449
0.469762	0.00744911	0.00838836	0.00139806	500.057	-0.0130084
0.503316	0.00772351	0.00797428	0.00132905	489.854	-0.0117078
0.536871	0.00798471	0.00760063	0.00126677	480.554	-0.0105956
0.60398	0.00847235	0.00695235	0.00115872	464.173	-0.0088075
0.671089	0.00892017	0.00640909	0.00106818	450.139	-0.00744076
0.738198	0.00933437	0.00594703	0.000991171	437.921	-0.00637145
0.805306	0.00971979	0.0055491	0.00092485	427.143	-0.00551838
0.872415	0.0100803	0.00520276	0.000867126	417.532	-0.00482658
0.939524	0.010419	0.00489854	0.000816424	408.884	-0.00425762
1.00663	0.0107385	0.00462918	0.00077153	401.041	-0.00378393
1.07374	0.011041	0.004389	0.0007315	393.88	-0.00338648
1.20796	0.0116016	0.00397891	0.000663151	381.243	-0.00275775
1.34218	0.0121123	0.00364162	0.000606937	370.382	-0.00228981
1.4764	0.0125816	0.00335935	0.000559892	360.896	-0.00193148
1.61061	0.013016	0.00311966	0.000519943	352.502	-0.00165117
1.74483	0.0134205	0.00291358	0.000485596	344.997	-0.00142783
1.87905	0.0137993	0.00273448	0.000455746	338.226	-0.00124703
2.01327	0.0141555	0.00257738	0.000429563	332.07	-0.00109863
2.14748	0.0144919	0.0024384	0.0004064	326.437	-0.000976305
2.41592	0.0151138	0.00220352	0.000367254	316.47	-0.000784952
2.68435	0.0156788	0.00201253	0.000335421	307.867	-0.000644906
2.95279	0.0161972	0.00185422	0.000309036	300.323	-0.000539302
3.22123	0.0166765	0.00172084	0.000286806	293.625	-0.000457804
3.48966	0.0171228	0.00160689	0.000267815	287.615	-0.000393605
3.7581	0.0175406	0.00150839	0.000251398	282.176	-0.00034213
4.02653	0.0179337	0.00142236	0.000237059	277.217	-0.000300221
4.29497	0.0183051	0.00134647	0.000224412	272.667	-0.00026614
4.83184	0.0189924	0.0012187	0.000203116	264.593	-0.000212998
5.36871	0.019618	0.0011153	0.000185883	257.586	-0.000174163
5.90558	0.0201932	0.00102993	0.000171656	251.412	-0.000145168
6.44245	0.0207263	0.000958213	0.000159702	245.907	-0.000122948
6.97932	0.0212239	0.000897061	0.00014951	240.948	-0.000105533
7.51619	0.021691	0.000844271	0.000140712	236.444	-9.16217e-05
8.05306	0.0221317	0.000798215	0.000133036	232.321	-8.03284e-05
8.58993	0.0225491	0.000757572	0.000126262	228.526	-7.12654e-05
9.66368	0.0233244	0.000689065	0.000114844	221.77	-5.69953e-05
10.7374	0.0240336	0.000633789	0.000105632	215.866	-4.65163e-05
11.8112	0.0246889	0.000588204	9.8034e-05	210.634	-3.87554e-05
12.8849	0.0252993	0.00054991	9.16516e-05	205.944	-3.28244e-05
13.9586	0.0258718	0.000517254	8.6209e-05	201.698	-2.81811e-05
15.0324	0.0264117	0.000489056	8.15094e-05	197.824	-2.44743e-05
16.1061	0.0269233	0.000464446	7.74077e-05	194.262	-2.14656e-05
17.1799	0.0274101	0.000442674	7.37791e-05	190.971	-1.91417e-05
19.3274	0.0283197	0.000405854	6.76424e-05	185.084	-1.52544e-05
21.4748	0.0291584	0.000376278	6.2713e-05	179.897	-1.24446e-05
23.6223	0.0299395	0.00035188	5.86467e-05	175.269	-1.0375e-05
25.7698	0.0306725	0.000331369	5.52282e-05	171.093	-8.79355e-06
27.9173	0.0313648	0.000313867	5.23112e-05	167.291	-7.55458e-06
30.0648	0.0320222	0.000298744	4.97907e-05	163.802	-6.56475e-06
32.2123	0.0326493	0.000285539	4.75898e-05	160.579	-5.76069e-06
34.3597	0.0332497	0.0002738	4.56333e-05	157.586	-5.23059e-06
38.6547	0.0343811	0.000253893	4.23155e-05	152.204	-4.09355e-06
42.9497	0.0354363	0.000238018	3.96696e-05	147.417	-3.34081e-06
47.2446	0.0364295	0.000224914	3.74857e-05	143.114	-2.78677e-06
51.5396	0.0373712	0.000213894	3.5649e-05	139.204	-2.36274e-06
55.8346	0.0382692	0.000204488	3.40813e-05	135.623	-2.03015e-06
60.1295	0.0391296	0.000196359	3.27266e-05	132.318	-1.76416e-06
64.4245	0.0399574	0.000189262	3.15437e-05	129.249	-1.54789e-06
68.7195	0.0407565	0.000182895	3.04825e-05	126.388	-1.47594e-06
77.3094	0.042279	0.000172128	2.8688e-05	121.214	-1.096e-06
85.8993	0.0437198	0.000163626	2.7271e-05	116.574	-8.94524e-07
94.4893	0.0450943	0.000156611	2.61018e-05	112.376	-7.457e-07
103.079	0.0464135	0.000150716	2.51193e-05	108.544	-6.31546e-07
111.669	0.047686	0.00014569	2.42817e-05	105.018	-5.41974e-07
120.259	0.0489184	0.000141353	2.35588e-05	101.752	-4.70301e-07
128.849	0.050116	0.000137572	2.29286e-05	98.7112	-4.1202e-07
137.439	0.0512831	0.000134117	2.23528e-05	95.8725	-4.31298e-07
154.619	0.0535349	0.000128379	2.13965e-05	90.7266	-2.89108e-07
171.799	0.0557006	0.000123895	2.06492e-05	86.1004	-2.35651e-07
188.979	0.0577964	0.000120203	2.00339e-05	81.9145	-1.95912e-07
206.158	0.0598342	0.00011711	1.95184e-05	78.0969	-1.65365e-07
223.338	0.061823	0.000114482	1.90804e-05	74.592	-1.41448e-07
240.518	0.0637699	0.000112222	1.87037e-05	71.356	-1.22322e-07
257.698	0.0656806	0.000110258	1.83764e-05	68.3539	-1.06792e-07
274.878	0.0675595	0.000108409	1.80681e-05	65.5659	-1.24845e-07
309.238	0.0712306	0.000105469	1.75781e-05	60.5443	-7.37787e-08
343.597	0.0748138	0.000103182	1.71971e-05	56.0814	-5.99153e-08
377.957	0.0783259	0.00010131	1.68849e-05	52.0963	-4.95257e-08
412.317	0.0817793	9.97505e-05	1.66251e-05	48.5136	-4.15219e-08
446.677	0.0851835	9.84345e-05	1.64057e-05	45.2737	-3.52895e-08
481.036	0.0885459	9.73102e-05	1.62184e-05	42.3294	-3.03106e-08
515.396	0.0918724	9.634e-05	1.60567e-05	39.6424	-2.62799e-08
549.756	0.0951674	9.53978e-05	1.58996e-05	37.1896	-3.18032e-08
618.475	0.101672	9.39962e-05	1.5666e-05	32.8739	-1.7713e-08
687.195	0.108092	9.29032e-05	1.54839e-05	29.1727	-1.42128e-08
755.914	0.114445	9.202e-05	1.53367e-05	25.9844	-1.1581e-08
824.634	0.120743	9.12957e-05	1.52159e-05	23.2199	-9.5573e-09
893.353	0.126996	9.06939e-05	1.51156e-05	20.809	-7.99617e-09
962.073	0.13321	9.0188e-05	1.50313e-05	18.6962	-6.75557e-09
1030.79	0.139393	8.97587e-05	1.49598e-05	16.8365	-5.75883e-09
1099.51	0.145548	8.93428e-05	1.48905e-05	15.1987	-5.93987e-09
1236.95	0.157785	8.87618e-05	1.47936e-05	12.4593	-3.68535e-09
1374.39	0.169952	8.83139e-05	1.4719e-05	10.2729	-2.84747e-09
1511.83	0.182065	8.79656e-05	1.46609e-05	8.51685	-2.23111e-09
1649.27	0.194135	8.76911e-05	1.46152e-05	7.09532	-1.76841e-09
1786.71	0.206172	8.74721e-05	1.45787e-05	5.93665	-1.4194e-09
1924.15	0.218181	8.72956e-05	1.45493e-05	4.98648	-1.14917e-09
2061.58	0.230169	8.71521e-05	1.45253e-05	4.20306	-9.37792e-10
2199.02	0.242138	8.70203e-05	1.45034e-05	3.55557	-5.98514e-10
2473.9	0.266034	8.68495e-05	1.44749e-05	2.56651	-5.22777e-10
2748.78	0.289889	8.67269e-05	1.44545e-05	1.86948	-3.65904e-10
3023.66	0.313716	8.66405e-05	1.44401e-05	1.37298	-2.59228e-10
3298.53	0.337523	8.65789e-05	1.44298e-05	1.01552	-1.85448e-10
3573.41	0.361315	8.65346e-05	1.44224e-05	0.755764	-1.33925e-10
3848.29	0.385097	8.65024e-05	1.44171e-05	0.565471	-9.7371e-11
4123.17	0.408871	8.64789e-05	1.44131e-05	0.425081	-7.12109e-11
4398.05	0.432639	8.64586e-05	1.44098e-05	0.321009	1.28722e-11
4947.8	0.480165	8.64386e-05	1.44064e-05	0.184998	-2.70377e-11
5497.56	0.527681	8.64263e-05	1.44044e-05	0.10777	-1.47874e-11
6047.31	0.575192	8.64195e-05	1.44032e-05	0.0633443	-8.10622e-12
6597.07	0.622701	8.64156e-05	1.44026e-05	0.0375008	-4.43983e-12
7146.83	0.670208	8.64134e-05	1.44022e-05	0.0223313	-2.42078e-12
7696.58	0.717714	8.64121e-05	1.4402e-05	0.013362	-1.30554e-12
8246.34	0.765219	8.64114e-05	1.44019e-05	0.00802697	-6.90689e-13
8796.09	0.812724	8.64105e-05	1.44018e-05	0.00484034	5.80677e-12
9895.6	0.907734	8.64105e-05	1.44018e-05	0.00177432	1.16213e-13
10995.1	1.00274	8.64104e-05	1.44017e-05	0.000655419	1.04147e-13
12094.6	1.09775	8.64104e-05	1.44017e-05	0.000243597	7.37012e-14
13194.1	1.19276	8.64104e-05	1.44017e-05	9.09782e-05	4.76534e-14
14293.7	1.28777	8.64104e-05	1.44017e-05	3.41139e-05	2.95941e-14
15393.2	1.38278	8.64104e-05	1.44017e-05	1.28349e-05	1.804e-14
16492.7	1.47779	8.64104e-05	1.44017e-05	4.84355e-06	1.09054e-14
17592.2	1.5728	8.64104e-05	1.44017e-05	1.83452e-06	1.07718e-13
19791.2	1.76282	8.64104e-05	1.44017e-05	2.65741e-07	6.05382e-15
21990.2	1.95284	8.64104e-05	1.44017e-05	3.90233e-08	2.18502e-15
24189.3	2.14285	8.64104e-05	1.44017e-05	5.89646e-09	8.01993e-16
26388.3	2.33287	8.64104e-05	1.44017e-05	9.72142e-10	2.96789e-16
28587.3	2.52289	8.64104e-05	1.44017e-05	2.13736e-10	1.10402e-16
30786.3	2.71291	8.64104e-05	1.44017e-05	8.46587e-11	4.11893e-17
32985.3	2.90293	8.64104e-05	1.44017e-05	5.52826e-11	1.56106e-17
35184.4	3.09295	8.64104e-05	1.44017e-05	4.38317e-11	5.05286e-17
39582.4	3.47298	8.64104e-05	1.44017e-05	3.15863e-11	2.0101e-18
43980.5	3.85302	8.64104e-05	1.44017e-05	2.40345e-11	3.29138e-19
48378.5	4.23306	8.64104e-05	1.44017e-05	1.87932e-11	1.17549e-20
52776.6	4.61309	8.64104e-05	1.44017e-05	1.49629e-11	-1.17549e-20
57174.6	4.99313	8.64104e-05	1.44017e-05	1.20744e-11	2.35099e-20
61572.7	5.37317	8.64104e-05	1.44017e-05	9.85311e-12	-3.52648e-20
65970.7	5.7532	8.64104e-05	1.44017e-05	8.12315e-12	-2.35099e-20
70368.7	6.13324	8.64104e-05	1.44017e-05	6.76361e-12	8.81621e-21
79164.8	6.89331	8.64104e-05	1.44017e-05	4.82969e-12	-2.93874e-21
87960.9	7.65339	8.64104e-05	1.44017e-05	3.58611e-12	1.46937e-20
96757	8.41346	8.64104e-05	1.44017e-05	2.76306e-12	5.87747e-21
105553	9.17354	8.64104e-05	1.44017e-05	2.20016e-12	-1.17549e-20
114349	9.93361	8.64104e-05	1.44017e-05	1.801e-12	-1.17549e-20
123145	10.6937	8.64104e-05	1.44017e-05	1.50716e-12	-1.17549e-20
131941	11.4538	8.64104e-05	1.44017e-05	1.28291e-12	0
140737	12.2138	8.64104e-05	1.44017e-05	1.10612e-12	-8.81621e-21
158330	13.734	8.64104e-05	1.44017e-05	8.44234e-13	4.4081e-21
175922	15.2541	8.64104e-05	1.44017e-05	6.59075e-13	1.46937e-21
193514	16.7743	8.64104e-05	1.44017e-05	5.22074e-13	-8.81621e-21
211106	18.2944	8.64104e-05	1.44017e-05	4.18202e-13	-2.93874e-21
228698	19.8146	8.64104e-05	1.44017e-05	3.38379e-13	-2.93874e-21
246291	21.3347	8.64104e-05	1.44017e-05	2.7652e-13	2.93874e-21
263883	22.8549	8.64104e-05	1.44017e-05	2.28278e-13	5.87747e-21
281475	24.375	8.64104e-05	1.44017e-05	1.90435e-13	-1.46937e-21
316659	27.4153	8.64104e-05	1.44017e-05	1.36851e-13	0
351844	30.4556	8.64104e-05	1.44017e-05	1.02581e-13	-2.20405e-21
387028	33.4959	8.64104e-05	1.44017e-05	7.99272e-14	1.46937e-21
422212	36.5362	8.64104e-05	1.44017e-05	6.43681e-14	1.46937e-21
457397	39.5765	8.64104e-05	1.44017e-05	5.32325e-14	-1.46937e-21
492581	42.6168	8.64104e-05	1.44017e-05	4.49297e-14	-1.46937e-21
527766	45.6571	8.64104e-05	1.44017e-05	3.85015e-14	1.46937e-21
562950	48.6974	8.64104e-05	1.44017e-05	3.33619e-14	-3.67342e-22
633319	54.778	8.64104e-05	1.44017e-05	2.5616e-14	3.67342e-22
703687	60.8586	8.64104e-05	1.44017e-05	2.00489e-14	0
774056	66.9391	8.64104e-05	1.44017e-05	1.58942e-14	1.46937e-21
844425	73.0197	8.64104e-05	1.44017e-05	1.27327e-14	7.34684e-22
914794	79.1003	8.64104e-05	1.44017e-05	1.03012e-14	7.34684e-22
985162	85.1809	8.64104e-05	1.44017e-05	8.41793e-15	0
1.05553e+06	91.2615	8.64104e-05	1.44017e-05	6.95084e-15	7.34684e-22
1.1259e+06	97.3421	8.64104e-05	1.44017e-05	5.80149e-15	0
1.26664e+06	109.503	8.64104e-05	1.44017e-05	4.17664e-15	-1.83671e-22
1.40737e+06	121.664	8.64104e-05	1.44017e-05	3.13891e-15	0
1.54811e+06	133.826	8.64104e-05	1.44017e-05	2.45289e-15	-3.67342e-22
1.68885e+06	145.987	8.64104e-05	1.44017e-05	1.981e-15	0
1.82959e+06	158.148	8.64104e-05	1.44017e-05	1.64234e-15	7.34684e-22
1.97032e+06	170.309	8.64104e-05	1.44017e-05	1.38893e-15	-3.67342e-22
2.11106e+06	182.47	8.64104e-05	1.44017e-05	1.192e-15	0
2.2518e+06	194.632	8.64104e-05	1.44017e-05	1.034e-15	-9.18355e-23
2.53327e+06	218.954	8.64104e-05	1.44017e-05	7.94902e-16	-9.18355e-23
2.81475e+06	243.276	8.64104e-05	1.44017e-05	6.2244e-16	9.18355e-23
3.09622e+06	267.599	8.64104e-05	1.44017e-05	4.93503e-16	0
3.3777e+06	291.921	8.64104e-05	1.44017e-05	3.95329e-16	0
3.65917e+06	316.243	8.64104e-05	1.44017e-05	3.19819e-16	-1.83671e-22
3.94065e+06	340.566	8.64104e-05	1.44017e-05	2.61347e-16	-1.83671e-22
4.22212e+06	364.888	8.64104e-05	1.44017e-05	2.15811e-16	1.83671e-22
4.5036e+06	389.21	8.64104e-05	1.44017e-05	1.8015e-16	-4.59177e-23
5.06655e+06	437.855	8.64104e-05	1.44017e-05	1.29756e-16	4.59177e-23
5.6295e+06	486.5	8.64104e-05	1.44017e-05	9.75816e-17	0
6.19245e+06	535.145	8.64104e-05	1.44017e-05	7.63114e-17	0
6.7554e+06	583.789	8.64104e-05	1.44017e-05	6.16742e-17	9.18355e-23
7.31835e+06	632.434	8.64104e-05	1.44017e-05	5.11618e-17	-9.18355e-23
7.8813e+06	681.079	8.64104e-05	1.44017e-05	4.32888e-17	9.18355e-23
8.44425e+06	729.724	8.64104e-05	1.44017e-05	3.71648e-17	9.18355e-23
9.0072e+06	778.368	8.64104e-05	1.44017e-05	3.22469e-17	0
1.01331e+07	875.658	8.64104e-05	1.44017e-05	2.47975e-17	0
1.1259e+07	972.947	8.64104e-05	1.44017e-05	1.94196e-17	0
1.23849e+07	1070.24	8.64104e-05	1.44017e-05	1.53972e-17	4.59177e-23
1.35108e+07	1167.53	8.64104e-05	1.44017e-05	1.2334e-17	0
1.46367e+07	1264.82	8.64104e-05	1.44017e-05	9.97803e-18	0
1.57626e+07	1362.1	8.64104e-05	1.44017e-05	8.15374e-18	0
1.68885e+07	1459.39	8.64104e-05	1.44017e-05	6.73319e-18	-4.59177e-23
1.80144e+07	1556.68	8.64104e-05	1.44017e-05	5.62077e-18	0
2.02662e+07	1751.26	8.64104e-05	1.44017e-05	4.04892e-18	-1.14794e-23
2.2518e+07	1945.84	8.64104e-05	1.44017e-05	3.04547e-18	1.14794e-23
2.47698e+07	2140.42	8.64104e-05	1.44017e-05	2.38208e-18	-2.29589e-23
2.70216e+07	2335	8.64104e-05	1.44017e-05	1.92551e-18	0
2.92734e+07	2529.58	8.64104e-05	1.44017e-05	1.59755e-18	0
3.15252e+07	2724.16	8.64104e-05	1.44017e-05	1.35188e-18	0
3.3777e+07	2918.74	8.64104e-05	1.44017e-05	1.16074e-18	-2.29589e-23
3.60288e+07	3113.31	8.64104e-05	1.44017e-05	1.00721e-18	-5.73972e-24
4.05324e+07	3502.47	8.64104e-05	1.44017e-05	7.74587e-19	0
4.5036e+07	3891.63	8.64104e-05	1.44017e-05	6.06614e-19	5.73972e-24
4.95396e+07	4280.79	8.64104e-05	1.44017e-05	4.80968e-19	0
5.40432e+07	4669.95	8.64104e-05	1.44017e-05	3.85283e-19	1.14794e-23
5.85468e+07	5059.1	8.64104e-05	1.44017e-05	3.11686e-19	1.14794e-23
6.30504e+07	5448.26	8.64104e-05	1.44017e-05	2.547e-19	1.14794e-23
6.7554e+07	5837.42	8.64104e-05	1.44017e-05	2.10327e-19	0
7.20576e+07	6226.58	8.64104e-05	1.44017e-05	1.75579e-19	2.86986e-24
8.10648e+07	7004.89	8.64104e-05	1.44017e-05	1.26482e-19	0
9.0072e+07	7783.21	8.64104e-05	1.44017e-05	9.51399e-20	2.86986e-24
9.90792e+07	8561.52	8.64104e-05	1.44017e-05	7.44192e-20	-5.73972e-24
1.08086e+08	9339.84	8.64104e-05	1.44017e-05	6.01583e-20	5.73972e-24
1.17094e+08	10118.2	8.64104e-05	1.44017e-05	4.99138e-20	0
1.26101e+08	10896.5	8.64104e-05	1.44017e-05	4.22393e-20	0
1.35108e+08	11674.8	8.64104e-05	1.44017e-05	3.62678e-20	5.73972e-24
1.44115e+08	12453.1	8.64104e-05	1.44017e-05	3.14712e-20	-1.43493e-24
1.6213e+08	14009.7	8.64104e-05	1.44017e-05	2.42032e-20	2.86986e-24
1.80144e+08	15566.4	8.64104e-05	1.44017e-05	1.89548e-20	0
1.98158e+08	17123	8.64104e-05	1.44017e-05	1.50287e-20	0
2.16173e+08	18679.6	8.64104e-05	1.44017e-05	1.20389e-20	-2.86986e-24
2.34187e+08	20236.3	8.64104e-05	1.44017e-05	9.73919e-21	0
2.52202e+08	21792.9	8.64104e-05	1.44017e-05	7.95857e-21	-5.73972e-24
2.70216e+08	23349.5	8.64104e-05	1.44017e-05	6.57205e-21	-2.86986e-24
2.8823e+08	24906.2	8.64104e-05	1.44017e-05	5.48631e-21	7.17465e-25
3.24259e+08	28019.4	8.64104e-05	1.44017e-05	3.95221e-21	-7.17465e-25
3.60288e+08	31132.7	8.64104e-05	1.44017e-05	2.97288e-21	7.17465e-25
3.96317e+08	34245.9	8.64104e-05	1.44017e-05	2.32544e-21	-1.43493e-24
4.32346e+08	37359.2	8.64104e-05	1.44017e-05	1.87984e-21	-1.43493e-24
4.68374e+08	40472.5	8.64104e-05	1.44017e-05	1.55973e-21	1.43493e-24
5.04403e+08	43585.7	8.64104e-05	1.44017e-05	1.31992e-21	-1.43493e-24
5.40432e+08	46699	8.64104e-05	1.44017e-05	1.13333e-21	1.43493e-24
5.76461e+08	49812.2	8.64104e-05	1.44017e-05	9.83445e-22	3.58732e-25
6.48518e+08	56038.8	8.64104e-05	1.44017e-05	7.5633e-22	0
7.20576e+08	62265.3	8.64104e-05	1.44017e-05	5.92321e-22	-3.58732e-25
7.92634e+08	68491.8	8.64104e-05	1.44017e-05	4.69636e-22	0
8.64691e+08	74718.3	8.64104e-05	1.44017e-05	3.76205e-22	0
9.36749e+08	80944.9	8.64104e-05	1.44017e-05	3.04342e-22	7.17465e-25
1.00881e+09	87171.4	8.64104e-05	1.44017e-05	2.48699e-22	-7.17465e-25
1.08086e+09	93397.9	8.64104e-05	1.44017e-05	2.05371e-22	0
1.15292e+09	99624.4	8.64104e-05	1.44017e-05	1.71443e-22	-1.79366e-25
1.29704e+09	112077	8.64104e-05	1.44017e-05	1.23504e-22	1.79366e-25
1.44115e+09	124531	8.64104e-05	1.44017e-05	9.29006e-23	0
1.58527e+09	136984	8.64104e-05	1.44017e-05	7.26687e-23	3.58732e-25
1.72938e+09	149437	8.64104e-05	1.44017e-05	5.8744e-23	0
1.8735e+09	161890	8.64104e-05	1.44017e-05	4.8741e-23	0
2.01761e+09	174343	8.64104e-05	1.44017e-05	4.12471e-23	-3.58732e-25
2.16173e+09	186796	8.64104e-05	1.44017e-05	3.54162e-23	0
2.30584e+09	199249	8.64104e-05	1.44017e-05	3.07324e-23	8.96831e-26
2.59407e+09	224155	8.64104e-05	1.44017e-05	2.36352e-23	8.96831e-26
2.8823e+09	249061	8.64104e-05	1.44017e-05	1.85099e-23	8.96831e-26
3.17053e+09	273967	8.64104e-05	1.44017e-05	1.4676e-23	0
3.45876e+09	298873	8.64104e-05	1.44017e-05	1.17563e-23	0
3.74699e+09	323779	8.64104e-05	1.44017e-05	9.51063e-24	0
4.03523e+09	348685	8.64104e-05	1.44017e-05	7.77179e-24	-3.58732e-25
4.32346e+09	373592	8.64104e-05	1.44017e-05	6.41781e-24	-1.79366e-25
4.61169e+09	398498	8.64104e-05	1.44017e-05	5.35756e-24	4.48416e-26
5.18815e+09	448310	8.64104e-05	1.44017e-05	3.85947e-24	0
5.76461e+09	498122	8.64104e-05	1.44017e-05	2.90313e-24	4.48416e-26
6.34107e+09	547934	8.64104e-05	1.44017e-05	2.27089e-24	0
6.91753e+09	597746	8.64104e-05	1.44017e-05	1.83574e-24	0
7.49399e+09	647559	8.64104e-05	1.44017e-05	1.52315e-24	0
8.07045e+09	697371	8.64104e-05	1.44017e-05	1.28897e-24	8.96831e-26
8.64691e+09	747183	8.64104e-05	1.44017e-05	1.10675e-24	-8.96831e-26
9.22337e+09	796995	8.64104e-05	1.44017e-05	9.60386e-25	0
1.03763e+10	896620	8.64104e-05	1.44017e-05	7.38598e-25	-2.24208e-26
1.15292e+10	996244	8.64104e-05	1.44017e-05	5.78434e-25	2.24208e-26
1.26821e+10	1.09587e+06	8.64104e-05	1.44017e-05	4.58625e-25	0
1.38351e+10	1.19549e+06	8.64104e-05	1.44017e-05	3.67385e-25	0
1.4988e+10	1.29512e+06	8.64104e-05	1.44017e-05	2.97207e-25	4.48416e-26
1.61409e+10	1.39474e+06	8.64104e-05	1.44017e-05	2.42868e-25	-4.48416e-26
1.72938e+10	1.49437e+06	8.64104e-05	1.44017e-05	2.00556e-25	0
1.84467e+10	1.59399e+06	8.64104e-05	1.44017e-05	1.67423e-25	1.12104e-26
2.07526e+10	1.79324e+06	8.64104e-05	1.44017e-05	1.20608e-25	1.12104e-26
2.30584e+10	1.99249e+06	8.64104e-05	1.44017e-05	9.07227e-26	-1.12104e-26
2.53643e+10	2.19174e+06	8.64104e-05	1.44017e-05	7.09651e-26	2.24208e-26
2.76701e+10	2.39099e+06	8.64104e-05	1.44017e-05	5.73669e-26	2.24208e-26
2.9976e+10	2.59023e+06	8.64104e-05	1.44017e-05	4.75984e-26	0
3.22818e+10	2.78948e+06	8.64104e-05	1.44017e-05	4.02803e-26	0
3.45876e+10	2.98873e+06	8.64104e-05	1.44017e-05	3.45861e-26	-2.24208e-26
3.68935e+10	3.18798e+06	8.64104e-05	1.44017e-05	3.00121e-26	0
4.15052e+10	3.58648e+06	8.64104e-05	1.44017e-05	2.30812e-26	-5.60519e-27
4.61169e+10	3.98498e+06	8.64104e-05	1.44017e-05	1.80761e-26	0
5.07285e+10	4.38347e+06	8.64104e-05	1.44017e-05	1.4332e-26	0
5.53402e+10	4.78197e+06	8.64104e-05	1.44017e-05	1.14808e-26	-1.12104e-26
5.99519e+10	5.18047e+06	8.64104e-05	1.44017e-05	9.28771e-27	1.12104e-26
6.45636e+10	5.57897e+06	8.64104e-05	1.44017e-05	7.58962e-27	1.12104e-26
6.91753e+10	5.97746e+06	8.64104e-05	1.44017e-05	6.26738e-27	0
7.3787e+10	6.37596e+06	8.64104e-05	1.44017e-05	5.23198e-27	-2.8026e-27
8.30103e+10	7.17296e+06	8.64104e-05	1.44017e-05	3.76901e-27	0
9.22337e+10	7.96995e+06	8.64104e-05	1.44017e-05	2.83509e-27	0
1.01457e+11	8.76695e+06	8.64104e-05	1.44017e-05	2.21766e-27	5.60519e-27
1.1068e+11	9.56394e+06	8.64104e-05	1.44017e-05	1.79272e-27	-5.60519e-27
1.19904e+11	1.03609e+07	8.64104e-05	1.44017e-05	1.48745e-27	0
1.29127e+11	1.11579e+07	8.64104e-05	1.44017e-05	1.25876e-27	0
1.38351e+11	1.19549e+07	8.64104e-05	1.44017e-05	1.08082e-27	-5.60519e-27
1.47574e+11	1.27519e+07	8.64104e-05	1.44017e-05	9.37879e-28	0
1.66021e+11	1.43459e+07	8.64104e-05	1.44017e-05	7.21288e-28	0
1.84467e+11	1.59399e+07	8.64104e-05	1.44017e-05	5.64879e-28	1.4013e-27
2.02914e+11	1.75339e+07	8.64104e-05	1.44017e-05	4.47878e-28	0
2.21361e+11	1.91279e+07	8.64104e-05	1.44017e-05	3.58776e-28	0
2.39808e+11	2.07219e+07	8.64104e-05	1.44017e-05	2.90243e-28	0
2.58254e+11	2.23159e+07	8.64104e-05	1.44017e-05	2.37178e-28	0
2.76701e+11	2.39099e+07	8.64104e-05	1.44017e-05	1.95858e-28	-2.8026e-27
2.95148e+11	2.55038e+07	8.64104e-05	1.44017e-05	1.63501e-28	0
3.32041e+11	2.86918e+07	8.64104e-05	1.44017e-05	1.17783e-28	7.00649e-28
3.68935e+11	3.18798e+07	8.64104e-05	1.44017e-05	8.85983e-29	7.00649e-28
4.05828e+11	3.50678e+07	8.64104e-05	1.44017e-05	6.93038e-29	1.4013e-27
4.42722e+11	3.82558e+07	8.64104e-05	1.44017e-05	5.60243e-29	0
4.79615e+11	4.14437e+07	8.64104e-05	1.44017e-05	4.64848e-29	1.4013e-27
5.16509e+11	4.46317e+07	8.64104e-05	1.44017e-05	3.93381e-29	-1.4013e-27
5.53402e+11	4.78197e+07	8.64104e-05	1.44017e-05	3.37774e-29	1.4013e-27
5.90296e+11	5.10077e+07	8.64104e-05	1.44017e-05	2.93106e-29	0
6.64083e+11	5.73837e+07	8.64104e-05	1.44017e-05	2.25421e-29	0
7.3787e+11	6.37596e+07	8.64104e-05	1.44017e-05	1.76543e-29	-7.00649e-28
8.11657e+11	7.01356e+07	8.64104e-05	1.44017e-05	1.3998e-29	0
8.85444e+11	7.65115e+07	8.64104e-05	1.44017e-05	1.12136e-29	0
9.59231e+11	8.28875e+07	8.64104e-05	1.44017e-05	9.07191e-30	0
1.03302e+12	8.92635e+07	8.64104e-05	1.44017e-05	7.41361e-30	0
1.1068e+12	9.56394e+07	8.64104e-05	1.44017e-05	6.12236e-30	0
1.18059e+12	1.02015e+08	8.64104e-05	1.44017e-05	5.11121e-30	1.75162e-28
1.32817e+12	1.14767e+08	8.64104e-05	1.44017e-05	3.68251e-30	-1.75162e-28
1.47574e+12	1.27519e+08	8.64104e-05	1.44017e-05	2.77046e-30	0
1.62331e+12	1.40271e+08	8.64104e-05	1.44017e-05	2.16749e-30	0
1.77089e+12	1.53023e+08	8.64104e-05	1.44017e-05	1.75249e-30	0
1.91846e+12	1.65775e+08	8.64104e-05	1.44017e-05	1.45436e-30	0
2.06604e+12	1.78527e+08	8.64104e-05	1.44017e-05	1.23101e-30	0
2.21361e+12	1.91279e+08	8.64104e-05	1.44017e-05	1.05722e-30	0
2.36118e+12	2.04031e+08	8.64104e-05	1.44017e-05	9.17619e-31	0
2.65633e+12	2.29535e+08	8.64104e-05	1.44017e-05	7.06073e-31	8.75812e-29
2.95148e+12	2.55038e+08	8.64104e-05	1.44017e-05	5.53297e-31	-8.75812e-29
3.24663e+12	2.80542e+08	8.64104e-05	1.44017e-05	4.39008e-31	1.75162e-28
3.54177e+12	3.06046e+08	8.64104e-05	1.44017e-05	3.51964e-31	0
3.83692e+12	3.3155e+08	8.64104e-05	1.44017e-05	2.85007e-31	-1.75162e-28
4.13207e+12	3.57054e+08	8.64104e-05	1.44017e-05	2.33156e-31	0
4.42722e+12	3.82558e+08	8.64104e-05	1.44017e-05	1.92776e-31	1.75162e-28
4.72237e+12	4.08062e+08	8.64104e-05	1.44017e-05	1.6115e-31	-8.75812e-29
5.31266e+12	4.59069e+08	8.64104e-05	1.44017e-05	1.16448e-31	0
5.90296e+12	5.10077e+08	8.64104e-05	1.44017e-05	8.78937e-32	-8.75812e-29
6.49325e+12	5.61085e+08	8.64104e-05	1.44017e-05	6.89999e-32	8.75812e-29
7.08355e+12	6.12092e+08	8.64104e-05	1.44017e-05	5.5982e-32	0
7.67385e+12	6.631e+08	8.64104e-05	1.44017e-05	4.66181e-32	-8.75812e-29
8.26414e+12	7.14108e+08	8.64104e-05	1.44017e-05	3.95928e-32	8.75812e-29
8.85444e+12	7.65115e+08	8.64104e-05	1.44017e-05	3.41177e-32	0
9.44473e+12	8.16123e+08	8.64104e-05	1.44017e-05	2.97124e-32	-2.18953e-29
1.06253e+13	9.18138e+08	8.64104e-05	1.44017e-05	2.30208e-32	0
1.18059e+13	1.02015e+09	8.64104e-05	1.44017e-05	1.81714e-32	0
1.29865e+13	1.12217e+09	8.64104e-05	1.44017e-05	1.45298e-32	4.37906e-29
1.41671e+13	1.22418e+09	8.64104e-05	1.44017e-05	1.17445e-32	0
1.53477e+13	1.3262e+09	8.64104e-05	1.44017e-05	9.59145e-33	-4.37906e-29
1.65283e+13	1.42822e+09	8.64104e-05	1.44017e-05	7.91468e-33	0
1.77089e+13	1.53023e+09	8.64104e-05	1.44017e-05	6.60029e-33	-4.37906e-29
1.88895e+13	1.63225e+09	8.64104e-05	1.44017e-05	5.56314e-33	1.09476e-29
2.12506e+13	1.83628e+09	8.64104e-05	1.44017e-05	4.07859e-33	1.09476e-29
2.36118e+13	2.04031e+09	8.64104e-05	1.44017e-05	3.11056e-33	0
2.5973e+13	2.24434e+09	8.64104e-05	1.44017e-05	2.45481e-33	0
2.83342e+13	2.44837e+09	8.64104e-05	1.44017e-05	1.99169e-33	0
3.06954e+13	2.6524e+09	8.64104e-05	1.44017e-05	1.6506e-33	0
3.30566e+13	2.85643e+09	8.64104e-05	1.44017e-05	1.3894e-33	-2.18953e-29
3.54177e+13	3.06046e+09	8.64104e-05	1.44017e-05	1.18257e-33	2.18953e-29
3.77789e+13	3.26449e+09	8.64104e-05	1.44017e-05	1.0143e-33	5.47382e-30
4.25013e+13	3.67255e+09	8.64104e-05	1.44017e-05	7.56769e-34	-1.09476e-29
4.72237e+13	4.08062e+09	8.64104e-05	1.44017e-05	5.7029e-34	0
5.1946e+13	4.48868e+09	8.64104e-05	1.44017e-05	4.31679e-34	0
5.66684e+13	4.89674e+09	8.64104e-05	1.44017e-05	3.274e-34	0
6.13908e+13	5.3048e+09	8.64104e-05	1.44017e-05	2.48526e-34	0
6.61131e+13	5.71286e+09	8.64104e-05	1.44017e-05	1.88725e-34	0
7.08355e+13	6.12092e+09	8.64104e-05	1.44017e-05	1.43337e-34	-1.09476e-29
7.55579e+13	6.52898e+09	8.64104e-05	1.44017e-05	1.08872e-34	-5.47382e-30
8.50026e+13	7.34511e+09	8.64104e-05	1.44017e-05	6.28053e-35	0
9.44473e+13	8.16123e+09	8.64104e-05	1.44017e-05	3.62318e-35	0
1.03892e+14	8.97735e+09	8.64104e-05	1.44017e-05	2.09019e-35	0
1.13337e+14	9.79348e+09	8.64104e-05	1.44017e-05	1.20582e-35	0
1.22782e+14	1.06096e+10	8.64104e-05	1.44017e-05	6.95629e-36	0
1.32226e+14	1.14257e+10	8.64104e-05	1.44017e-05	4.01305e-36	-5.47382e-30
1.41671e+14	1.22418e+10	8.64104e-05	1.44017e-05	2.3151e-36	5.47382e-30
1.51116e+14	1.3058e+10	8.64104e-05	1.44017e-05	1.3355e-36	0
1.70005e+14	1.46902e+10	8.64104e-05	1.44017e-05	4.43854e-37	-1.36846e-30
1.88895e+14	1.63225e+10	8.64104e-05	1.44017e-05	1.47513e-37	-1.36846e-30
2.07784e+14	1.79547e+10	8.64104e-05	1.44017e-05	4.90252e-38	0
2.26674e+14	1.9587e+10	8.64104e-05	1.44017e-05	1.62933e-38	-2.73691e-30
2.45563e+14	2.12192e+10	8.64104e-05	1.44017e-05	5.415e-39	0
2.64453e+14	2.28514e+10	8.64104e-05	1.44017e-05	1.79965e-39	0
2.83342e+14	2.44837e+10	8.64104e-05	1.44017e-05	5.98106e-40	0
3.02231e+14	2.61159e+10	8.64104e-05	1.44017e-05	1.98688e-40	0
3.4001e+14	2.93804e+10	8.64104e-05	1.44017e-05	2.16872e-41	0
3.77789e+14	3.26449e+10	8.64104e-05	1.44017e-05	2.36672e-42	0
4.15568e+14	3.59094e+10	8.64104e-05	1.44017e-05	2.5828e-43	1.36846e-30
4.53347e+14	3.91739e+10	8.64104e-05	1.44017e-05	2.8186e-44	-2.73691e-30
4.91126e+14	4.24384e+10	8.64104e-05	1.44017e-05	3.07593e-45	0
5.28905e+14	4.57029e+10	8.64104e-05	1.44017e-05	3.35676e-46	0
5.66684e+14	4.89674e+10	8.64104e-05	1.44017e-05	3.66322e-47	-1.36846e-30
6.04463e+14	5.22319e+10	8.64104e-05	1.44017e-05	3.98237e-48	3.42114e-31
6.80021e+14	5.87609e+10	8.64104e-05	1.44017e-05	4.21609e-50	0
7.55579e+14	6.52898e+10	8.64104e-05	1.44017e-05	4.44701e-52	0
8.31137e+14	7.18188e+10	8.64104e-05	1.44017e-05	4.69059e-54	-6.84228e-31
9.06694e+14	7.83478e+10	8.64104e-05	1.44017e-05	4.94751e-56	0
9.82252e+14	8.48768e+10	8.64104e-05	1.44017e-05	5.2185e-58	0
1.05781e+15	9.14058e+10	8.64104e-05	1.44017e-05	5.50433e-60	-6.84228e-31
1.13337e+15	9.79348e+10	8.64104e-05	1.44017e-05	5.80581e-62	0
1.20893e+15	1.04464e+11	8.64104e-05	1.44017e-05	5.89338e-64	1.71057e-31
1.36004e+15	1.17522e+11	8.64104e-05	1.44017e-05	-3.65533e-69	1.71057e-31
1.51116e+15	1.3058e+11	8.64104e-05	1.44017e-05	-1.88138e-74	-3.42114e-31
1.66227e+15	1.43638e+11	8.64104e-05	1.44017e-05	9.52913e-79	0
1.81339e+15	1.56696e+11	8.64104e-05	1.44017e-05	-1.6255e-83	0
1.9645e+15	1.69754e+11	8.64104e-05	1.44017e-05	1.78094e-88	-3.42114e-31
2.11562e+15	1.82812e+11	8.64104e-05	1.44017e-05	-1.03867e-93	0
2.26674e+15	1.9587e+11	8.64104e-05	1.44017e-05	-7.01461e-99	-3.42114e-31
2.41785e+15	2.08927e+11	8.64104e-05	1.44017e-05	-1.27888e-103	8.55285e-32
2.72008e+15	2.35043e+11	8.64104e-05	1.44017e-05	-2.95802e-108	-1.71057e-31
3.02231e+15	2.61159e+11	8.64104e-05	1.44017e-05	2.23291e-114	8.55285e-32
3.32455e+15	2.87275e+11	8.64104e-05	1.44017e-05	9.01176e-120	0
3.62678e+15	3.13391e+11	8.64104e-05	1.44017e-05	-1.3258e-125	0
3.92901e+15	3.39507e+11	8.64104e-05	1.44017e-05	-2.35593e-131	0
4.23124e+15	3.65623e+11	8.64104e-05	1.44017e-05	6.06476e-137	-1.71057e-31
4.53347e+15	3.91739e+11	8.64104e-05	1.44017e-05	4.59082e-143	1.71057e-31
4.8357e+15	4.17855e+11	8.64104e-05	1.44017e-05	-7.77099e-148	4.27642e-32
5.44017e+15	4.70087e+11	8.64104e-05	1.44017e-05	-2.88995e-155	0
6.04463e+15	5.22319e+11	8.64104e-05	1.44017e-05	4.50162e-162	0
6.64909e+15	5.74551e+11	8.64104e-05	1.44017e-05	1.15465e-168	-8.55285e-32
7.25355e+15	6.26782e+11	8.64104e-05	1.44017e-05	1.48703e-175	0
7.85802e+15	6.79014e+11	8.64104e-05	1.44017e-05	1.20356e-182	0
8.46248e+15	7.31246e+11	8.64104e-05	1.44017e-05	2.90314e-190	8.55285e-32
9.06694e+15	7.83478e+11	8.64104e-05	1.44017e-05	-9.75648e-197	0
9.67141e+15	8.3571e+11	8.64104e-05	1.44017e-05	-1.16393e-202	-4.27642e-32
1.08803e+16	9.40174e+11	8.64104e-05	1.44017e-05	1.97651e-211	2.13821e-32
1.20893e+16	1.04464e+12	8.64104e-05	1.44017e-05	-8.91656e-221	-2.13821e-32
1.32982e+16	1.1491e+12	8.64104e-05	1.44017e-05	-9.86684e-229	0
1.45071e+16	1.25356e+12	8.64104e-05	1.44017e-05	5.18693e-237	-4.27642e-32
1.5716e+16	1.35803e+12	8.64104e-05	1.44017e-05	-1.697e-245	4.27642e-32
1.6925e+16	1.46249e+12	8.64104e-05	1.44017e-05	4.16614e-254	-4.27642e-32
1.81339e+16	1.56696e+12	8.64104e-05	1.44017e-05	-7.23086e-263	0
1.93428e+16	1.67142e+12	8.64104e-05	1.44017e-05	-1.82486e-270	0
2.17607e+16	1.88035e+12	8.64104e-05	1.44017e-05	-2.98502e-281	0
2.41785e+16	2.08927e+12	8.64104e-05	1.44017e-05	7.65871e-292	1.06911e-32
2.65964e+16	2.2982e+12	8.64104e-05	1.44017e-05	5.30158e-302	0
2.90142e+16	2.50713e+12	8.64104e-05	1.44017e-05	9.85667e-313	2.13821e-32
3.14321e+16	2.71606e+12	8.64104e-05	1.44017e-05	-1.97626e-323	0
3.38499e+16	2.92498e+12	8.64104e-05	1.44017e-05	0	0
3.62678e+16	3.13391e+12	8.64104e-05	1.44017e-05	0	0
3.86856e+16	3.34284e+12	8.64104e-05	1.44017e-05	0	5.34553e-33
4.35213e+16	3.76069e+12	8.64104e-05	1.44017e-05	0	5.34553e-33
4.8357e+16	4.17855e+12	8.64104e-05	1.44017e-05	0	-5.34553e-33
5.31927e+16	4.5964e+12	8.64104e-05	1.44017e-05	0	1.06911e-32
5.80284e+16	5.01426e+12	8.64104e-05	1.44017e-05	0	0
6.28641e+16	5.43211e+12	8.64104e-05	1.44017e-05	0	0
6.76998e+16	5.84997e+12	8.64104e-05	1.44017e-05	0	0
7.25355e+16	6.26782e+12	8.64104e-05	1.44017e-05	0	0
7.73713e+16	6.68568e+12	8.64104e-05	1.44017e-05	0	-5.34553e-33
8.70427e+16	7.52139e+12	8.64104e-05	1.44017e-05	0	0
9.67141e+16	8.3571e+12	8.64104e-05	1.44017e-05	0	-2.67276e-33
1.06385e+17	9.19281e+12	8.64104e-05	1.44017e-05	0	0
1.16057e+17	1.00285e+13	8.64104e-05	1.44017e-05	0	-5.34553e-33
1.25728e+17	1.08642e+13	8.64104e-05	1.44017e-05	0	5.34553e-33
1.354e+17	1.16999e+13	8.64104e-05	1.44017e-05	0	0
1.45071e+17	1.25356e+13	8.64104e-05	1.44017e-05	0	1.06911e-32
1.54743e+17	1.33714e+13	8.64104e-05	1.44017e-05	0	-1.33638e-33
1.74085e+17	1.50428e+13	8.64104e-05	1.44017e-05	0	0
1.93428e+17	1.67142e+13	8.64104e-05	1.44017e-05	0	1.33638e-33
2.12771e+17	1.83856e+13	8.64104e-05	1.44017e-05	0	0
2.32114e+17	2.0057e+13	8.64104e-05	1.44017e-05	0	0
2.51457e+17	2.17285e+13	8.64104e-05	1.44017e-05	0	0
2.70799e+17	2.33999e+13	8.64104e-05	1.44017e-05	0	0
2.90142e+17	2.50713e+13	8.64104e-05	1.44017e-05	0	0
3.09485e+17	2.67427e+13	8.64104e-05	1.44017e-05	0	0
3.48171e+17	3.00856e+13	8.64104e-05	1.44017e-05	0	6.68191e-34
3.86856e+17	3.34284e+13	8.64104e-05	1.44017e-05	0	6.68191e-34
4.25542e+17	3.67712e+13	8.64104e-05	1.44017e-05	0	0
4.64228e+17	4.01141e+13	8.64104e-05	1.44017e-05	0	0
5.02913e+17	4.34569e+13	8.64104e-05	1.44017e-05	0	1.33638e-33
5.41599e+17	4.67998e+13	8.64104e-05	1.44017e-05	0	0
5.80284e+17	5.01426e+13	8.64104e-05	1.44017e-05	0	-1.33638e-33
6.1897e+17	5.34854e+13	8.64104e-05	1.44017e-05	0	-3.34096e-34
6.96341e+17	6.01711e+13	8.64104e-05	1.44017e-05	0	0
7.73713e+17	6.68568e+13	8.64104e-05	1.44017e-05	0	3.34096e-34
8.51084e+17	7.35425e+13	8.64104e-05	1.44017e-05	0	0
9.28455e+17	8.02282e+13	8.64104e-05	1.44017e-05	0	0
1.00583e+18	8.69138e+13	8.64104e-05	1.44017e-05	0	6.68191e-34
1.0832e+18	9.35995e+13	8.64104e-05	1.44017e-05	0	0
1.16057e+18	1.00285e+14	8.64104e-05	1.44017e-05	0	-6.68191e-34
1.23794e+18	1.06971e+14	8.64104e-05	1.44017e-05	0	-1.67048e-34
1.39268e+18	1.20342e+14	8.64104e-05	1.44017e-05	0	0
1.54743e+18	1.33714e+14	8.64104e-05	1.44017e-05	0	1.67048e-34
1.70217e+18	1.47085e+14	8.64104e-05	1.44017e-05	0	0
1.85691e+18	1.60456e+14	8.64104e-05	1.44017e-05	0	0
2.01165e+18	1.73828e+14	8.64104e-05	1.44017e-05	0	3.34096e-34
2.1664e+18	1.87199e+14	8.64104e-05	1.44017e-05	0	0
2.32114e+18	2.0057e+14	8.64104e-05	1.44017e-05	0	-3.34096e-34
2.47588e+18	2.13942e+14	8.64104e-05	1.44017e-05	0	-8.35239e-35
2.78537e+18	2.40684e+14	8.64104e-05	1.44017e-05	0	0
3.09485e+18	2.67427e+14	8.64104e-05	1.44017e-05	0	8.35239e-35
3.40434e+18	2.9417e+14	8.64104e-05	1.44017e-05	0	0
3.71382e+18	3.20913e+14	8.64104e-05	1.44017e-05	0	0
4.02331e+18	3.47655e+14	8.64104e-05	1.44017e-05	0	1.67048e-34
4.33279e+18	3.74398e+14	8.64104e-05	1.44017e-05	0	0
4.64228e+18	4.01141e+14	8.64104e-05	1.44017e-05	0	-1.67048e-34
4.95176e+18	4.27884e+14	8.64104e-05	1.44017e-05	0	-4.17619e-35
5.57073e+18	4.81369e+14	8.64104e-05	1.44017e-05	0	0
6.1897e+18	5.34854e+14	8.64104e-05	1.44017e-05	0	4.17619e-35
6.80867e+18	5.8834e+14	8.64104e-05	1.44017e-05	0	0
7.42764e+18	6.41825e+14	8.64104e-05	1.44017e-05	0	0
8.04661e+18	6.95311e+14	8.64104e-05	1.44017e-05	0	8.35239e-35
8.66558e+18	7.48796e+14	8.64104e-05	1.44017e-05	0	0
9.28455e+18	8.02282e+14	8.64104e-05	1.44017e-05	0	-8.35239e-35
9.90352e+18	8.55767e+14	8.64104e-05	1.44017e-05	0	-2.0881e-35
1.11415e+19	9.62738e+14	8.64104e-05	1.44017e-05	0	0
1.23794e+19	1.06971e+15	8.64104e-05	1.44017e-05	0	2.0881e-35
1.36173e+19	1.17668e+15	8.64104e-05	1.44017e-05	0	0
1.48553e+19	1.28365e+15	8.64104e-05	1.44017e-05	0	0
1.60932e+19	1.39062e+15	8.64104e-05	1.44017e-05	0	4.17619e-35
1.73312e+19	1.49759e+15	8.64104e-05	1.44017e-05	0	0
1.85691e+19	1.60456e+15	8.64104e-05	1.44017e-05	0	-4.17619e-35
1.9807e+19	1.71153e+15	8.64104e-05	1.44017e-05	0	-1.04405e-35
2.22829e+19	1.92548e+15	8.64104e-05	1.44017e-05	0	0
2.47588e+19	2.13942e+15	8.64104e-05	1.44017e-05	0	1.04405e-35
2.72347e+19	2.35336e+15	8.64104e-05	1.44017e-05	0	0
2.97106e+19	2.5673e+15	8.64104e-05	1.44017e-05	0	0
3.21864e+19	2.78124e+15	8.64104e-05	1.44017e-05	0	2.0881e-35
3.46623e+19	2.99518e+15	8.64104e-05	1.44017e-05	0	0
3.71382e+19	3.20913e+15	8.64104e-05	1.44017e-05	0	-2.0881e-35
3.96141e+19	3.42307e+15	8.64104e-05	1.44017e-05	0	-5.22024e-36
4.45658e+19	3.85095e+15	8.64104e-05	1.44017e-05	0	0
4.95176e+19	4.27884e+15	8.64104e-05	1.44017e-05	0	5.22024e-36
5.44694e+19	4.70672e+15	8.64104e-05	1.44017e-05	0	0
5.94211e+19	5.1346e+15	8.64104e-05	1.44017e-05	0	0
6.43729e+19	5.56249e+15	8.64104e-05	1.44017e-05	0	1.04405e-35
6.93246e+19	5.99037e+15	8.64104e-05	1.44017e-05	0	0
7.42764e+19	6.41825e+15	8.64104e-05	1.44017e-05	0	-1.04405e-35
7.92282e+19	6.84614e+15	8.64104e-05	1.44017e-05	0	-2.61012e-36
8.91317e+19	7.7019e+15	8.64104e-05	1.44017e-05	0	0
9.90352e+19	8.55767e+15	8.64104e-05	1.44017e-05	0	2.61012e-36
1.08939e+20	9.41344e+15	8.64104e-05	1.44017e-05	0	0
1.18842e+20	1.02692e+16	8.64104e-05	1.44017e-05	0	0
1.28746e+20	1.1125e+16	8.64104e-05	1.44017e-05	0	5.22024e-36
1.38649e+20	1.19807e+16	8.64104e-05	1.44017e-05	0	0
1.48553e+20	1.28365e+16	8.64104e-05	1.44017e-05	0	-5.22024e-36
1.58456e+20	1.36923e+16	8.64104e-05	1.44017e-05	0	-1.30506e-36
1.78263e+20	1.54038e+16	8.64104e-05	1.44017e-05	0	0
1.9807e+20	1.71153e+16	8.64104e-05	1.44017e-05	0	1.30506e-36
2.17877e+20	1.88269e+16	8.64104e-05	1.44017e-05	0	0
2.37684e+20	2.05384e+16	8.64104e-05	1.44017e-05	0	0
2.57492e+20	2.22499e+16	8.64104e-05	1.44017e-05	0	2.61012e-36
2.77299e+20	2.39615e+16	8.64104e-05	1.44017e-05	0	0
2.97106e+20	2.5673e+16	8.64104e-05	1.44017e-05	0	-2.61012e-36
3.16913e+20	2.73845e+16	8.64104e-05	1.44017e-05	0	-6.5253e-37
3.56527e+20	3.08076e+16	8.64104e-05	1.44017e-05	0	0
3.96141e+20	3.42307e+16	8.64104e-05	1.44017e-05	0	6.5253e-37
4.35755e+20	3.76537e+16	8.64104e-05	1.44017e-05	0	0
4.75369e+20	4.10768e+16	8.64104e-05	1.44017e-05	0	0
5.14983e+20	4.44999e+16	8.64104e-05	1.44017e-05	0	1.30506e-36
5.54597e+20	4.7923e+16	8.64104e-05	1.44017e-05	0	0
5.94211e+20	5.1346e+16	8.64104e-05	1.44017e-05	0	-1.30506e-36
6.33825e+20	5.47691e+16	8.64104e-05	1.44017e-05	0	-3.26265e-37
7.13053e+20	6.16152e+16	8.64104e-05	1.44017e-05	0	0
7.92282e+20	6.84614e+16	8.64104e-05	1.44017e-05	0	3.26265e-37
8.7151e+20	7.53075e+16	8.64104e-05	1.44017e-05	0	0
9.50738e+20	8.21536e+16	8.64104e-05	1.44017e-05	0	0
1.02997e+21	8.89998e+16	8.64104e-05	1.44017e-05	0	6.5253e-37
1.10919e+21	9.58459e+16	8.64104e-05	1.44017e-05	0	0
1.18842e+21	1.02692e+17	8.64104e-05	1.44017e-05	0	-6.5253e-37
1.26765e+21	1.09538e+17	8.64104e-05	1.44017e-05	0	-1.63133e-37
1.42611e+21	1.2323e+17	8.64104e-05	1.44017e-05	0	0
1.58456e+21	1.36923e+17	8.64104e-05	1.44017e-05	0	1.63133e-37
1.74302e+21	1.50615e+17	8.64104e-05	1.44017e-05	0	0
1.90148e+21	1.64307e+17	8.64104e-05	1.44017e-05	0	0
2.05993e+21	1.78e+17	8.64104e-05	1.44017e-05	0	3.26265e-37
2.21839e+21	1.91692e+17	8.64104e-05	1.44017e-05	0	0
2.37684e+21	2.05384e+17	8.64104e-05	1.44017e-05	0	-3.26265e-37
2.5353e+21	2.19076e+17	8.64104e-05	1.44017e-05	0	-8.15663e-38
2.85221e+21	2.46461e+17	8.64104e-05	1.44017e-05	0	0
3.16913e+21	2.73845e+17	8.64104e-05	1.44017e-05	0	8.15663e-38
3.48604e+21	3.0123e+17	8.64104e-05	1.44017e-05	0	0
3.80295e+21	3.28615e+17	8.64104e-05	1.44017e-05	0	0
4.11986e+21	3.55999e+17	8.64104e-05	1.44017e-05	0	1.63133e-37
4.43678e+21	3.83384e+17	8.64104e-05	1.44017e-05	0	0
4.75369e+21	4.10768e+17	8.64104e-05	1.44017e-05	0	-1.63133e-37
5.0706e+21	4.38153e+17	8.64104e-05	1.44017e-05	0	-4.07832e-38
5.70443e+21	4.92922e+17	8.64104e-05	1.44017e-05	0	0
6.33825e+21	5.47691e+17	8.64104e-05	1.44017e-05	0	4.07832e-38
6.97208e+21	6.0246e+17	8.64104e-05	1.44017e-05	0	0
7.6059e+21	6.57229e+17	8.64104e-05	1.44017e-05	0	0
8.23973e+21	7.11998e+17	8.64104e-05	1.44017e-05	0	8.15663e-38
8.87355e+21	7.66767e+17	8.64104e-05	1.44017e-05	0	0
9.50738e+21	8.21536e+17	8.64104e-05	1.44017e-05	0	-8.15663e-38
1.01412e+22	8.76305e+17	8.64104e-05	1.44017e-05	0	-2.03916e-38
1.14089e+22	9.85844e+17	8.64104e-05	1.44017e-05	0	0
1.26765e+22	1.09538e+18	8.64104e-05	1.44017e-05	0	2.03916e-38
1.39442e+22	1.20492e+18	8.64104e-05	1.44017e-05	0	0
1.52118e+22	1.31446e+18	8.64104e-05	1.44017e-05	0	0
1.64795e+22	1.424e+18	8.64104e-05	1.44017e-05	0	4.07832e-38
1.77471e+22	1.53353e+18	8.64104e-05	1.44017e-05	0	0
1.90148e+22	1.64307e+18	8.64104e-05	1.44017e-05	0	-4.07832e-38
2.02824e+22	1.75261e+18	8.64104e-05	1.44017e-05	0	-1.01958e-38
2.28177e+22	1.97169e+18	8.64104e-05	1.44017e-05	0	0
2.5353e+22	2.19076e+18	8.64104e-05	1.44017e-05	0	1.01958e-38
2.78883e+22	2.40984e+18	8.64104e-05	1.44017e-05	0	0
3.04236e+22	2.62892e+18	8.64104e-05	1.44017e-05	0	0
3.29589e+22	2.84799e+18	8.64104e-05	1.44017e-05	0	2.03916e-38
3.54942e+22	3.06707e+18	8.64104e-05	1.44017e-05	0	0
3.80295e+22	3.28615e+18	8.64104e-05	1.44017e-05	0	-2.03916e-38
4.05648e+22	3.50522e+18	8.64104e-05	1.44017e-05	0	-5.09789e-39
4.56354e+22	3.94337e+18	8.64104e-05	1.44017e-05	0	0
5.0706e+22	4.38153e+18	8.64104e-05	1.44017e-05	0	5.09789e-39
5.57766e+22	4.81968e+18	8.64104e-05	1.44017e-05	0	0
6.08472e+22	5.25783e+18	8.64104e-05	1.44017e-05	0	0
6.59178e+22	5.69599e+18	8.64104e-05	1.44017e-05	0	1.01958e-38
7.09884e+22	6.13414e+18	8.64104e-05	1.44017e-05	0	0
7.6059e+22	6.57229e+18	8.64104e-05	1.44017e-05	0	-1.01958e-38
8.11296e+22	7.01044e+18	8.64104e-05	1.44017e-05	0	-2.54895e-39
9.12708e+22	7.88675e+18	8.64104e-05	1.44017e-05	0	0
1.01412e+23	8.76305e+18	8.64104e-05	1.44017e-05	0	2.54895e-39
1.11553e+23	9.63936e+18	8.64104e-05	1.44017e-05	0	0
1.21694e+23	1.05157e+19	8.64104e-05	1.44017e-05	0	0
1.31836e+23	1.1392e+19	8.64104e-05	1.44017e-05	0	5.09789e-39
1.41977e+23	1.22683e+19	8.64104e-05	1.44017e-05	0	0
1.52118e+23	1.31446e+19	8.64104e-05	1.44017e-05	0	-5.09789e-39
