# eta = 0.5, tau = 0, delta = 0.1
# N = 256, D = 100, M = 121
# q_min = 3.8147e-07, q_max = 40
# h_initial = 1e-09, v_therm = 2.5	D0 = 0.00625
# Prefactor m(q->0) c = 3.86447
#t	m[q->0]
1.28e-07	3769.42
1.44e-07	3769.42
1.6e-07	3769.42
1.76e-07	3769.41
1.92e-07	3769.41
2.08e-07	3769.41
2.24e-07	3769.41
2.4e-07	3769.41
2.56e-07	3769.41
2.88e-07	3769.41
3.2e-07	3769.41
3.52e-07	3769.41
3.84e-07	3769.41
4.16e-07	3769.41
4.48e-07	3769.41
4.8e-07	3769.41
5.12e-07	3769.41
5.76e-07	3769.4
6.4e-07	3769.4
7.04e-07	3769.4
7.68e-07	3769.4
8.32e-07	3769.4
8.96e-07	3769.4
9.6e-07	3769.39
1.024e-06	3769.39
1.152e-06	3769.39
1.28e-06	3769.39
1.408e-06	3769.38
1.536e-06	3769.38
1.664e-06	3769.38
1.792e-06	3769.37
1.92e-06	3769.37
2.048e-06	3769.37
2.304e-06	3769.36
2.56e-06	3769.35
2.816e-06	3769.35
3.072e-06	3769.34
3.328e-06	3769.33
3.584e-06	3769.33
3.84e-06	3769.32
4.096e-06	3769.31
4.608e-06	3769.3
5.12e-06	3769.29
5.632e-06	3769.27
6.144e-06	3769.26
6.656e-06	3769.25
7.168e-06	3769.24
7.68e-06	3769.22
8.192e-06	3769.21
9.216e-06	3769.18
1.024e-05	3769.16
1.1264e-05	3769.13
1.2288e-05	3769.1
1.3312e-05	3769.08
1.4336e-05	3769.05
1.536e-05	3769.03
1.6384e-05	3769
1.8432e-05	3768.95
2.048e-05	3768.89
2.2528e-05	3768.84
2.4576e-05	3768.79
2.6624e-05	3768.74
2.8672e-05	3768.68
3.072e-05	3768.63
3.2768e-05	3768.58
3.6864e-05	3768.47
4.096e-05	3768.37
4.5056e-05	3768.26
4.9152e-05	3768.16
5.3248e-05	3768.06
5.7344e-05	3767.95
6.144e-05	3767.85
6.5536e-05	3767.74
7.3728e-05	3767.53
8.192e-05	3767.32
9.0112e-05	3767.11
9.8304e-05	3766.9
0.000106496	3766.69
0.000114688	3766.48
0.00012288	3766.27
0.000131072	3766.07
0.000147456	3765.65
0.00016384	3765.23
0.000180224	3764.81
0.000196608	3764.39
0.000212992	3763.98
0.000229376	3763.56
0.00024576	3763.14
0.000262144	3762.72
0.000294912	3761.89
0.00032768	3761.06
0.000360448	3760.22
0.000393216	3759.39
0.000425984	3758.56
0.000458752	3757.73
0.00049152	3756.9
0.000524288	3756.07
0.000589824	3754.42
0.00065536	3752.77
0.000720896	3751.12
0.000786432	3749.47
0.000851968	3747.83
0.000917504	3746.19
0.00098304	3744.55
0.00104858	3742.91
0.00117965	3739.65
0.00131072	3736.4
0.00144179	3733.16
0.00157286	3729.94
0.00170394	3726.72
0.00183501	3723.51
0.00196608	3720.32
0.00209715	3717.13
0.0023593	3710.8
0.00262144	3704.5
0.00288358	3698.25
0.00314573	3692.05
0.00340787	3685.88
0.00367002	3679.75
0.00393216	3673.67
0.0041943	3667.63
0.00471859	3655.66
0.00524288	3643.85
0.00576717	3632.19
0.00629146	3620.68
0.00681574	3609.33
0.00734003	3598.11
0.00786432	3587.04
0.00838861	3576.11
0.00943718	3554.66
0.0104858	3533.74
0.0115343	3513.32
0.0125829	3493.4
0.0136315	3473.94
0.0146801	3454.95
0.0157286	3436.38
0.0167772	3418.25
0.0188744	3383.18
0.0209715	3349.63
0.0230687	3317.5
0.0251658	3286.7
0.027263	3257.14
0.0293601	3228.73
0.0314573	3201.41
0.0335544	3175.12
0.0377487	3125.34
0.041943	3078.97
0.0461373	3035.62
0.0503316	2994.99
0.054526	2956.78
0.0587203	2920.76
0.0629146	2886.72
0.0671089	2854.48
0.0754975	2794.79
0.0838861	2740.61
0.0922747	2691.11
0.100663	2645.62
0.109052	2603.6
0.117441	2564.63
0.125829	2528.32
0.134218	2494.37
0.150995	2432.6
0.167772	2377.67
0.184549	2328.36
0.201327	2283.74
0.218104	2243.08
0.234881	2205.81
0.251658	2171.45
0.268435	2139.64
0.30199	2082.44
0.335544	2032.28
0.369099	1987.76
0.402653	1947.83
0.436208	1911.72
0.469762	1878.83
0.503316	1848.67
0.536871	1820.88
0.60398	1771.2
0.671089	1727.9
0.738198	1689.65
0.805306	1655.49
0.872415	1624.69
0.939524	1596.71
1.00663	1571.13
1.07374	1547.59
1.20796	1505.66
1.34218	1469.22
1.4764	1437.11
1.61061	1408.47
1.74483	1382.69
1.87905	1359.31
2.01327	1337.94
2.14748	1318.3
2.41592	1283.36
2.68435	1253.01
2.95279	1226.26
3.22123	1202.41
3.48966	1180.93
3.7581	1161.42
4.02653	1143.59
4.29497	1127.19
4.83184	1098.01
5.36871	1072.59
5.90558	1050.12
6.44245	1030.04
6.97932	1011.91
7.51619	995.411
8.05306	980.285
8.58993	966.337
9.66368	941.454
10.7374	919.655
11.8112	900.295
12.8849	882.904
13.9586	867.134
15.0324	852.717
16.1061	839.445
17.1799	827.161
19.3274	805.148
21.4748	785.703
23.6223	768.313
25.7698	752.591
27.9173	738.248
30.0648	725.06
32.2123	712.854
34.3597	701.504
38.6547	681.043
42.9497	662.792
47.2446	646.336
51.5396	631.351
55.8346	617.586
60.1295	604.854
64.4245	593.003
68.7195	581.932
77.3094	561.848
85.8993	543.768
94.4893	527.349
103.079	512.305
111.669	498.415
120.259	485.509
128.849	473.452
137.439	462.16
154.619	441.597
171.799	423.008
188.979	406.095
206.158	390.586
223.338	376.272
240.518	362.989
257.698	350.604
274.878	339.042
309.238	318.066
343.597	299.256
377.957	282.306
412.317	266.928
446.677	252.898
481.036	240.034
515.396	228.19
549.756	217.276
618.475	197.821
687.195	180.853
755.914	165.976
824.634	152.845
893.353	141.183
962.073	130.773
1030.79	121.436
1099.51	113.046
1236.95	98.5982
1374.39	86.5993
1511.83	76.5438
1649.27	68.035
1786.71	60.772
1924.15	54.5235
2061.58	49.1098
2199.02	44.3948
2473.9	36.6138
2748.78	30.498
3023.66	25.6133
3298.53	21.6558
3573.41	18.4109
3848.29	15.7234
4123.17	13.4788
4398.05	11.5917
4947.8	8.63723
5497.56	6.48314
6047.31	4.89224
6597.07	3.7061
7146.83	2.8156
7696.58	2.14368
8246.34	1.63477
8796.09	1.24836
9895.6	0.730025
10995.1	0.427917
12094.6	0.251231
13194.1	0.147659
14293.7	0.0868535
15393.2	0.0511167
16492.7	0.0300974
17592.2	0.0177344
19791.2	0.00616742
21990.2	0.00214577
24189.3	0.000746944
26388.3	0.00026012
28587.3	9.06159e-05
30786.3	3.15762e-05
32985.3	1.1006e-05
35184.4	3.84342e-06
39582.4	4.72016e-07
43980.5	5.80079e-08
48378.5	7.17428e-09
52776.6	9.20136e-10
57174.6	1.44006e-10
61572.7	4.29078e-11
65970.7	2.60796e-11
70368.7	2.05597e-11
79164.8	1.45438e-11
87960.9	1.08007e-11
96757	8.32574e-12
105553	6.63327e-12
114349	5.43326e-12
123145	4.54992e-12
131941	3.87572e-12
140737	3.3441e-12
158330	2.55609e-12
175922	1.99821e-12
193514	1.58477e-12
211106	1.27077e-12
228698	1.02905e-12
246291	8.41426e-13
263883	6.94879e-13
281475	5.79769e-13
316659	4.16515e-13
351844	3.11949e-13
387028	2.42792e-13
422212	1.95317e-13
457397	1.61385e-13
492581	1.36131e-13
527766	1.16617e-13
562950	1.01042e-13
633319	7.76124e-14
703687	6.07928e-14
774056	4.82381e-14
844425	3.86761e-14
914794	3.13124e-14
985162	2.56011e-14
1.05553e+06	2.11458e-14
1.1259e+06	1.76511e-14
1.26664e+06	1.27031e-14
1.40737e+06	9.53874e-15
1.54811e+06	7.44607e-15
1.68885e+06	6.00747e-15
1.82959e+06	4.97645e-15
1.97032e+06	4.2064e-15
2.11106e+06	3.60911e-15
2.2518e+06	3.13069e-15
2.53327e+06	2.40792e-15
2.81475e+06	1.88707e-15
3.09622e+06	1.49755e-15
3.3777e+06	1.20066e-15
3.65917e+06	9.72015e-16
3.94065e+06	7.94709e-16
4.22212e+06	6.56442e-16
4.5036e+06	5.48022e-16
5.06655e+06	3.94581e-16
5.6295e+06	2.96487e-16
6.19245e+06	2.31615e-16
6.7554e+06	1.87002e-16
7.31835e+06	1.55006e-16
7.8813e+06	1.31087e-16
8.44425e+06	1.12517e-16
9.0072e+06	9.76285e-17
1.01331e+07	7.51129e-17
1.1259e+07	5.88724e-17
1.23849e+07	4.67214e-17
1.35108e+07	3.74588e-17
1.46367e+07	3.03249e-17
1.57626e+07	2.47932e-17
1.68885e+07	2.04798e-17
1.80144e+07	1.70979e-17
2.02662e+07	1.23121e-17
2.2518e+07	9.2528e-18
2.47698e+07	7.22964e-18
2.70216e+07	5.83814e-18
2.92734e+07	4.83999e-18
3.15252e+07	4.09365e-18
3.3777e+07	3.51406e-18
3.60288e+07	3.04929e-18
4.05324e+07	2.34623e-18
4.5036e+07	1.839e-18
4.95396e+07	1.45945e-18
5.40432e+07	1.1701e-18
5.85468e+07	9.47257e-19
6.30504e+07	7.74464e-19
6.7554e+07	6.39729e-19
7.20576e+07	5.34091e-19
8.10648e+07	3.84607e-19
9.0072e+07	2.89053e-19
9.90792e+07	2.25861e-19
1.08086e+08	1.82397e-19
1.17094e+08	1.51219e-19
1.26101e+08	1.27905e-19
1.35108e+08	1.09798e-19
1.44115e+08	9.52779e-20
1.6213e+08	7.33116e-20
1.80144e+08	5.74627e-20
1.98158e+08	4.5603e-20
2.16173e+08	3.65619e-20
2.34187e+08	2.95987e-20
2.52202e+08	2.41995e-20
2.70216e+08	1.99895e-20
2.8823e+08	1.66886e-20
3.24259e+08	1.20178e-20
3.60288e+08	9.03215e-21
3.96317e+08	7.05765e-21
4.32346e+08	5.69957e-21
4.68374e+08	4.72535e-21
5.04403e+08	3.99685e-21
5.40432e+08	3.43107e-21
5.76461e+08	2.97734e-21
6.48518e+08	2.29092e-21
7.20576e+08	1.79566e-21
7.92634e+08	1.42506e-21
8.64691e+08	1.14253e-21
9.36749e+08	9.24935e-22
1.00881e+09	7.56213e-22
1.08086e+09	6.24655e-22
1.15292e+09	5.21507e-22
1.29704e+09	3.75549e-22
1.44115e+09	2.82249e-22
1.58527e+09	2.20548e-22
1.72938e+09	1.78109e-22
1.8735e+09	1.47665e-22
2.01761e+09	1.249e-22
2.16173e+09	1.0722e-22
2.30584e+09	9.3041e-23
2.59407e+09	7.15908e-23
2.8823e+09	5.6114e-23
3.17053e+09	4.45327e-23
3.45876e+09	3.57038e-23
3.74699e+09	2.8904e-23
4.03523e+09	2.36315e-23
4.32346e+09	1.95203e-23
4.61169e+09	1.6297e-23
5.18815e+09	1.17358e-23
5.76461e+09	8.82023e-24
6.34107e+09	6.89208e-24
6.91753e+09	5.56589e-24
7.49399e+09	4.61453e-24
8.07045e+09	3.90312e-24
8.64691e+09	3.35061e-24
9.22337e+09	2.90753e-24
1.03763e+10	2.23721e-24
1.15292e+10	1.75356e-24
1.26821e+10	1.39165e-24
1.38351e+10	1.11574e-24
1.4988e+10	9.0325e-25
1.61409e+10	7.38483e-25
1.72938e+10	6.10009e-25
1.84467e+10	5.0928e-25
2.07526e+10	3.66744e-25
2.30584e+10	2.75632e-25
2.53643e+10	2.15377e-25
2.76701e+10	1.73934e-25
2.9976e+10	1.44204e-25
3.22818e+10	1.21972e-25
3.45876e+10	1.04707e-25
3.68935e+10	9.08602e-26
4.15052e+10	6.99128e-26
4.61169e+10	5.47988e-26
5.07285e+10	4.34889e-26
5.53402e+10	3.4867e-26
5.99519e+10	2.82265e-26
6.45636e+10	2.30776e-26
6.91753e+10	1.90628e-26
7.3787e+10	1.5915e-26
8.30103e+10	1.14607e-26
9.22337e+10	8.6135e-27
1.01457e+11	6.73054e-27
1.1068e+11	5.43543e-27
1.19904e+11	4.50638e-27
1.29127e+11	3.81164e-27
1.38351e+11	3.27208e-27
1.47574e+11	2.83939e-27
1.66021e+11	2.18478e-27
1.84467e+11	1.71247e-27
2.02914e+11	1.35903e-27
2.21361e+11	1.0896e-27
2.39808e+11	8.82085e-28
2.58254e+11	7.21181e-28
2.76701e+11	5.95718e-28
2.95148e+11	4.97349e-28
3.32041e+11	3.58154e-28
3.68935e+11	2.69177e-28
4.05828e+11	2.10335e-28
4.42722e+11	1.69863e-28
4.79615e+11	1.4083e-28
5.16509e+11	1.19119e-28
5.53402e+11	1.02258e-28
5.90296e+11	8.87364e-29
6.64083e+11	6.82799e-29
7.3787e+11	5.35201e-29
8.11657e+11	4.24753e-29
8.85444e+11	3.40554e-29
9.59231e+11	2.75706e-29
1.03302e+12	2.25423e-29
1.1068e+12	1.86216e-29
1.18059e+12	1.55475e-29
1.32817e+12	1.11976e-29
1.47574e+12	8.41704e-30
1.62331e+12	6.57817e-30
1.77089e+12	5.31336e-30
1.91846e+12	4.40603e-30
2.06604e+12	3.72753e-30
2.21361e+12	3.20057e-30
2.36118e+12	2.77797e-30
2.65633e+12	2.13861e-30
2.95148e+12	1.67727e-30
3.24663e+12	1.33203e-30
3.54177e+12	1.06882e-30
3.83692e+12	8.66082e-31
4.13207e+12	7.08862e-31
4.42722e+12	5.86254e-31
4.72237e+12	4.90107e-31
5.31266e+12	3.54011e-31
5.90296e+12	2.66962e-31
6.49325e+12	2.09347e-31
7.08355e+12	1.69676e-31
7.67385e+12	1.41182e-31
8.26414e+12	1.19843e-31
8.85444e+12	1.03245e-31
9.44473e+12	8.9912e-32
1.06253e+13	6.96924e-32
1.18059e+13	5.50525e-32
1.29865e+13	4.40558e-32
1.41671e+13	3.56368e-32
1.53477e+13	2.91209e-32
1.65283e+13	2.40399e-32
1.77089e+13	2.00522e-32
1.88895e+13	1.69022e-32
2.12506e+13	1.2388e-32
2.36118e+13	9.44178e-33
2.5973e+13	7.4461e-33
2.83342e+13	6.03793e-33
3.06954e+13	5.00228e-33
3.30566e+13	4.21048e-33
3.54177e+13	3.58441e-33
3.77789e+13	3.0757e-33
4.25013e+13	2.29783e-33
4.72237e+13	1.73462e-33
5.1946e+13	1.31558e-33
5.66684e+13	9.9984e-34
6.13908e+13	7.60575e-34
6.61131e+13	5.78802e-34
7.08355e+13	4.40549e-34
7.55579e+13	3.35344e-34
8.50026e+13	1.94292e-34
9.44473e+13	1.12573e-34
1.03892e+14	6.52248e-35
1.13337e+14	3.77914e-35
1.22782e+14	2.18964e-35
1.32226e+14	1.26869e-35
1.41671e+14	7.3508e-36
1.51116e+14	4.25885e-36
1.70005e+14	1.42782e-36
1.88895e+14	4.78681e-37
2.07784e+14	1.60479e-37
2.26674e+14	5.38012e-38
2.45563e+14	1.8037e-38
2.64453e+14	6.04697e-39
2.83342e+14	2.02727e-39
3.02231e+14	6.79349e-40
3.4001e+14	7.54782e-41
3.77789e+14	8.38425e-42
4.15568e+14	9.31336e-43
4.53347e+14	1.03454e-43
4.91126e+14	1.14919e-44
5.28905e+14	1.27654e-45
5.66684e+14	1.418e-46
6.04463e+14	1.56926e-47
6.80021e+14	1.72701e-49
7.55579e+14	1.89387e-51
8.31137e+14	2.07684e-53
9.06694e+14	2.27749e-55
9.82252e+14	2.49753e-57
1.05781e+15	2.73883e-59
1.13337e+15	3.00343e-61
1.20893e+15	3.17317e-63
1.36004e+15	-1.36356e-68
1.51116e+15	-2.59652e-73
1.66227e+15	7.05801e-78
1.81339e+15	-8.97062e-83
1.9645e+15	5.31137e-88
2.11562e+15	4.62076e-93
2.26674e+15	-1.72356e-97
2.41785e+15	1.36345e-102
2.72008e+15	-1.1246e-107
3.02231e+15	-1.89184e-115
3.32455e+15	4.14704e-119
3.62678e+15	-1.71101e-125
3.92901e+15	-1.45278e-130
4.23124e+15	1.2535e-136
4.53347e+15	4.80851e-142
4.8357e+15	-2.84125e-147
5.44017e+15	4.90485e-155
6.04463e+15	4.62919e-161
6.64909e+15	7.55038e-168
7.25355e+15	7.24702e-175
7.85802e+15	2.84348e-182
8.46248e+15	-4.5549e-189
9.06694e+15	-1.18313e-195
9.67141e+15	-6.5567e-202
1.08803e+16	7.77487e-211
1.20893e+16	1.3555e-219
1.32982e+16	-1.23155e-227
1.45071e+16	4.75461e-236
1.5716e+16	-1.2943e-244
1.6925e+16	2.4518e-253
1.81339e+16	-1.63598e-262
1.93428e+16	-2.15905e-269
2.17607e+16	-2.23538e-280
2.41785e+16	1.4849e-290
2.65964e+16	7.02836e-301
2.90142e+16	7.35448e-312
3.14321e+16	-4.79244e-322
3.38499e+16	0
3.62678e+16	0
3.86856e+16	0
4.35213e+16	0
4.8357e+16	0
5.31927e+16	0
5.80284e+16	0
6.28641e+16	0
6.76998e+16	0
7.25355e+16	0
7.73713e+16	0
8.70427e+16	0
9.67141e+16	0
1.06385e+17	0
1.16057e+17	0
1.25728e+17	0
1.354e+17	0
1.45071e+17	0
1.54743e+17	0
1.74085e+17	0
1.93428e+17	0
2.12771e+17	0
2.32114e+17	0
2.51457e+17	0
2.70799e+17	0
2.90142e+17	0
3.09485e+17	0
3.48171e+17	0
3.86856e+17	0
4.25542e+17	0
4.64228e+17	0
5.02913e+17	0
5.41599e+17	0
5.80284e+17	0
6.1897e+17	0
6.96341e+17	0
7.73713e+17	0
8.51084e+17	0
9.28455e+17	0
1.00583e+18	0
1.0832e+18	0
1.16057e+18	0
1.23794e+18	0
1.39268e+18	0
1.54743e+18	0
1.70217e+18	0
1.85691e+18	0
2.01165e+18	0
2.1664e+18	0
2.32114e+18	0
2.47588e+18	0
2.78537e+18	0
3.09485e+18	0
3.40434e+18	0
3.71382e+18	0
4.02331e+18	0
4.33279e+18	0
4.64228e+18	0
4.95176e+18	0
5.57073e+18	0
6.1897e+18	0
6.80867e+18	0
7.42764e+18	0
8.04661e+18	0
8.66558e+18	0
9.28455e+18	0
9.90352e+18	0
1.11415e+19	0
1.23794e+19	0
1.36173e+19	0
1.48553e+19	0
1.60932e+19	0
1.73312e+19	0
1.85691e+19	0
1.9807e+19	0
2.22829e+19	0
2.47588e+19	0
2.72347e+19	0
2.97106e+19	0
3.21864e+19	0
3.46623e+19	0
3.71382e+19	0
3.96141e+19	0
4.45658e+19	0
4.95176e+19	0
5.44694e+19	0
5.94211e+19	0
6.43729e+19	0
6.93246e+19	0
7.42764e+19	0
7.92282e+19	0
8.91317e+19	0
9.90352e+19	0
1.08939e+20	0
1.18842e+20	0
1.28746e+20	0
1.38649e+20	0
1.48553e+20	0
1.58456e+20	0
1.78263e+20	0
1.9807e+20	0
2.17877e+20	0
2.37684e+20	0
2.57492e+20	0
2.77299e+20	0
2.97106e+20	0
3.16913e+20	0
3.56527e+20	0
3.96141e+20	0
4.35755e+20	0
4.75369e+20	0
5.14983e+20	0
5.54597e+20	0
5.94211e+20	0
6.33825e+20	0
7.13053e+20	0
7.92282e+20	0
8.7151e+20	0
9.50738e+20	0
1.02997e+21	0
1.10919e+21	0
1.18842e+21	0
1.26765e+21	0
1.42611e+21	0
1.58456e+21	0
1.74302e+21	0
1.90148e+21	0
2.05993e+21	0
2.21839e+21	0
2.37684e+21	0
2.5353e+21	0
2.85221e+21	0
3.16913e+21	0
3.48604e+21	0
3.80295e+21	0
4.11986e+21	0
4.43678e+21	0
4.75369e+21	0
5.0706e+21	0
5.70443e+21	0
6.33825e+21	0
6.97208e+21	0
7.6059e+21	0
8.23973e+21	0
8.87355e+21	0
9.50738e+21	0
1.01412e+22	0
1.14089e+22	0
1.26765e+22	0
1.39442e+22	0
1.52118e+22	0
1.64795e+22	0
1.77471e+22	0
1.90148e+22	0
2.02824e+22	0
2.28177e+22	0
2.5353e+22	0
2.78883e+22	0
3.04236e+22	0
3.29589e+22	0
3.54942e+22	0
3.80295e+22	0
4.05648e+22	0
4.56354e+22	0
5.0706e+22	0
5.57766e+22	0
6.08472e+22	0
6.59178e+22	0
7.09884e+22	0
7.6059e+22	0
8.11296e+22	0
9.12708e+22	0
1.01412e+23	0
1.11553e+23	0
1.21694e+23	0
1.31836e+23	0
1.41977e+23	0
1.52118e+23	0
