1.05553e+06 2.59477e-13
1.1259e+06 2.37369e-13
1.26664e+06 1.98684e-13
1.40737e+06 1.68673e-13
1.54811e+06 1.45021e-13
1.68885e+06 1.26168e-13
1.82959e+06 1.1099e-13
1.97032e+06 9.86511e-14
2.11106e+06 8.85189e-14
2.2518e+06 8.05942e-14
2.53327e+06 6.74284e-14
2.81475e+06 5.77782e-14
3.09622e+06 5.04058e-14
3.3777e+06 4.45633e-14
3.65917e+06 3.97913e-14
3.94065e+06 3.58002e-14
4.22212e+06 3.24025e-14
4.5036e+06 2.96432e-14
5.06655e+06 2.48138e-14
5.6295e+06 2.10665e-14
6.19245e+06 1.81131e-14
6.7554e+06 1.5759e-14
7.31835e+06 1.38638e-14
7.8813e+06 1.23231e-14
8.44425e+06 1.1058e-14
9.0072e+06 1.00686e-14
1.01331e+07 8.42464e-15
1.1259e+07 7.21957e-15
1.23849e+07 6.29881e-15
1.35108e+07 5.56903e-15
1.46367e+07 4.97288e-15
1.57626e+07 4.47424e-15
1.68885e+07 4.0497e-15
1.80144e+07 3.7049e-15
2.02662e+07 3.10138e-15
2.2518e+07 2.63308e-15
2.47698e+07 2.26399e-15
2.70216e+07 1.96978e-15
2.92734e+07 1.73292e-15
3.15252e+07 1.54037e-15
3.3777e+07 1.38226e-15
3.60288e+07 1.25859e-15
4.05324e+07 1.05313e-15
4.5036e+07 9.02509e-16
4.95396e+07 7.87421e-16
5.40432e+07 6.96203e-16
5.85468e+07 6.21685e-16
6.30504e+07 5.59356e-16
6.7554e+07 5.06287e-16
7.20576e+07 4.63187e-16
8.10648e+07 3.87747e-16
9.0072e+07 3.29206e-16
9.90792e+07 2.83067e-16
1.08086e+08 2.46287e-16
1.17094e+08 2.16677e-16
1.26101e+08 1.92604e-16
1.35108e+08 1.72836e-16
1.44115e+08 1.57375e-16
1.6213e+08 1.31685e-16
1.80144e+08 1.12852e-16
1.98158e+08 9.8462e-17
2.16173e+08 8.70565e-17
2.34187e+08 7.77395e-17
2.52202e+08 6.99466e-17
2.70216e+08 6.33117e-17
2.8823e+08 5.79232e-17
3.24259e+08 4.84914e-17
3.60288e+08 4.11724e-17
3.96317e+08 3.54036e-17
4.32346e+08 3.08048e-17
4.68374e+08 2.71021e-17
5.04403e+08 2.40917e-17
5.40432e+08 2.16194e-17
5.76461e+08 1.96856e-17
6.48518e+08 1.64724e-17
7.20576e+08 1.41167e-17
7.92634e+08 1.23167e-17
8.64691e+08 1.08901e-17
9.36749e+08 9.7248e-18
1.00881e+09 8.7502e-18
1.08086e+09 7.92047e-18
1.15292e+09 7.24663e-18
1.29704e+09 6.0672e-18
1.44115e+09 5.15195e-18
1.58527e+09 4.43049e-18
1.72938e+09 3.85528e-18
1.8735e+09 3.39209e-18
2.01761e+09 3.01545e-18
2.16173e+09 2.7061e-18
2.30584e+09 2.46409e-18
2.59407e+09 2.06191e-18
2.8823e+09 1.76705e-18
3.17053e+09 1.54174e-18
3.45876e+09 1.36319e-18
3.74699e+09 1.21737e-18
4.03523e+09 1.09542e-18
4.32346e+09 9.91614e-19
4.61169e+09 9.07316e-19
5.18815e+09 7.59777e-19
5.76461e+09 6.45279e-19
6.34107e+09 5.55009e-19
6.91753e+09 4.8302e-19
7.49399e+09 4.25035e-19
8.07045e+09 3.77872e-19
8.64691e+09 3.39125e-19
9.22337e+09 3.08805e-19
1.03763e+10 2.58407e-19
1.15292e+10 2.2145e-19
1.26821e+10 1.93213e-19
1.38351e+10 1.7084e-19
1.4988e+10 1.52572e-19
1.61409e+10 1.373e-19
1.72938e+10 1.24302e-19
1.84467e+10 1.13749e-19
2.07526e+10 9.52813e-20
2.30584e+10 8.09478e-20
2.53643e+10 6.96438e-20
2.76701e+10 6.0625e-20
2.9976e+10 5.33567e-20
3.22818e+10 4.74416e-20
3.45876e+10 4.25796e-20
3.68935e+10 3.87734e-20
4.15052e+10 3.24438e-20
4.61169e+10 2.78009e-20
5.07285e+10 2.42538e-20
5.53402e+10 2.14445e-20
5.99519e+10 1.9152e-20
6.45636e+10 1.72365e-20
6.91753e+10 1.56071e-20
7.3787e+10 1.42846e-20
8.30103e+10 1.19708e-20
9.22337e+10 1.01748e-20
1.01457e+11 8.75754e-21
1.1068e+11 7.62585e-21
1.19904e+11 6.71293e-21
1.29127e+11 5.96922e-21
1.38351e+11 5.35734e-21
1.47574e+11 4.87796e-21
1.66021e+11 4.08011e-21
1.84467e+11 3.4946e-21
2.02914e+11 3.04743e-21
2.21361e+11 2.69359e-21
2.39808e+11 2.40517e-21
2.58254e+11 2.16448e-21
2.76701e+11 1.95996e-21
2.95148e+11 1.79408e-21
3.32041e+11 1.50403e-21
3.68935e+11 1.27888e-21
4.05828e+11 1.10105e-21
4.42722e+11 9.58851e-22
4.79615e+11 8.43942e-22
5.16509e+11 7.50171e-22
5.53402e+11 6.72897e-22
5.90296e+11 6.12271e-22
6.64083e+11 5.1125e-22
7.3787e+11 4.37074e-22
8.11657e+11 3.80476e-22
8.85444e+11 3.35777e-22
9.59231e+11 2.99432e-22
1.03302e+12 2.69176e-22
1.1068e+12 2.43522e-22
1.18059e+12 2.22741e-22
1.32817e+12 1.86471e-22
1.47574e+12 1.58322e-22
1.62331e+12 1.36059e-22
1.77089e+12 1.18213e-22
1.91846e+12 1.0375e-22
2.06604e+12 9.19123e-23
2.21361e+12 8.21297e-23
2.36118e+12 7.44211e-23
2.65633e+12 6.15747e-23
2.95148e+12 5.21335e-23
3.24663e+12 4.49418e-23
3.54177e+12 3.92828e-23
3.83692e+12 3.47033e-23
4.13207e+12 3.09102e-23
4.42722e+12 2.77095e-23
4.72237e+12 2.51068e-23
5.31266e+12 2.06222e-23
5.90296e+12 1.7156e-23
6.49325e+12 1.44203e-23
7.08355e+12 1.22298e-23
7.67385e+12 1.04569e-23
8.26414e+12 9.00886e-24
8.85444e+12 7.81663e-24
9.44473e+12 6.86412e-24
